var markerList = [[34.42020034790039,133.8031005859375,205108,"櫃石島"],
[34.42053985595703,133.8071746826172,205109,"櫃石小学校"],
[34.423004150390625,133.80743408203125,205110,"櫃石"],
[34.40561294555664,133.808349609375,205111,"岩黒島"],
[34.387245178222656,133.81629943847656,205112,"与島"],
[34.38871765136719,133.81838989257812,205113,"塩浜"],
[34.392127990722656,133.81777954101562,205114,"瀬戸大橋FW前"],
[34.31540298461914,134.03839111328125,205115,"ゆめタウン高松"],
[34.29549789428711,133.83749389648438,205116,"坂出IBT"],
[34.29714584350586,133.84042358398438,205117,"坂出インターバスターミナル"],
[34.3070182800293,134.07334899902344,205118,"高松中央インターバスターミナル"],
[34.34010314941406,134.047607421875,205119,"県庁通り"],
[34.29579544067383,133.83786010742188,205120,"坂出インターバスターミナル"],
[34.30653381347656,134.07334899902344,205121,"高松中央BT"],
[34.29579544067383,133.83786010742188,205122,"坂出IC"],
[34.24628829956055,133.79006958007812,205123,"善通寺IC"],
[34.2089729309082,134.43179321289062,205124,"坂元東"],
[34.21048355102539,134.42904663085938,205125,"坂元西"],
[34.21279525756836,134.4248809814453,205126,"相生"],
[34.215396881103516,134.4205322265625,205127,"馬宿東"],
[34.21766662597656,134.41725158691406,205128,"馬宿"],
[34.21995544433594,134.4132537841797,205129,"大川橋"],
[34.222557067871094,134.40765380859375,205130,"引田東"],
[34.22389602661133,134.40444946289062,205131,"引田庁舎前"],
[34.22492599487305,134.40133666992188,205132,"引田駅前"],
[34.217384338378906,134.393310546875,205133,"翼山温泉"],
[34.30653381347656,134.07334899902344,205134,"高松中央IC"],
[34.31592559814453,134.0386199951172,205135,"ゆめタウン"],
[34.32967758178711,134.04608154296875,205136,"栗林公園"],
[34.17394256591797,134.08290100097656,205137,"塩江新温泉"],
[34.16862106323242,134.08514404296875,205138,"湯元塩江温泉"],
[34.17074966430664,134.0947723388672,205139,"上落合"],
[34.17026138305664,134.10581970214844,205140,"中下所"],
[34.17012023925781,134.1120147705078,205141,"柞野"],
[34.17312240600586,134.12075805664062,205142,"小蓑"],
[34.17169952392578,134.13381958007812,205143,"堂ケ平"],
[34.1714973449707,134.1413116455078,205144,"津柳口"],
[34.166770935058594,134.15196228027344,205145,"長谷"],
[34.193359375,134.0970458984375,205146,"菅沢"],
[34.1883659362793,134.0841064453125,205147,"小田"],
[34.18211364746094,134.0731658935547,205148,"塩江中"],
[34.17146301269531,134.08042907714844,205149,"塩江病院"],
[34.17015075683594,134.08221435546875,205150,"塩江"],
[34.16046905517578,134.0994873046875,205151,"中筋"],
[34.15774154663086,134.10345458984375,205152,"上地"],
[34.155277252197266,134.10365295410156,205153,"さぬき温泉"],
[34.16059112548828,134.07130432128906,205154,"城原"],
[34.15273666381836,134.07614135742188,205155,"上西小学校前"],
[34.14571762084961,134.07937622070312,205156,"焼堂下"],
[34.14237594604492,134.07647705078125,205157,"物言川"],
[34.13600158691406,134.0760498046875,205158,"一ツ内"],
[34.12985610961914,134.07476806640625,205159,"奥の湯温泉"],
[34.1212158203125,134.0735626220703,205160,"松尾"],
[34.122840881347656,134.10379028320312,205161,"大屋敷橋"],
[34.28098678588867,134.0330810546875,205162,"空港通り駅"],
[34.26353073120117,134.02774047851562,205163,"ウイングポート"],
[34.25564193725586,134.02902221679688,205164,"総合体育館前"],
[34.2542839050293,134.03384399414062,205165,"香川第一中学校前"],
[34.249778747558594,134.0335235595703,205166,"香川病院前"],
[34.24447250366211,134.0319366455078,205167,"竜満池"],
[34.24095153808594,134.03416442871094,205168,"支所前"],
[34.2396354675293,134.03326416015625,205169,"川東"],
[34.23624801635742,134.03436279296875,205170,"上川東"],
[34.23246765136719,134.03439331054688,205171,"JA香川支店前"],
[34.228702545166016,134.0382843017578,205172,"日生ニュータウン北"],
[34.22737503051758,134.03933715820312,205173,"日生ニュータウン"],
[34.22496795654297,134.04005432128906,205174,"日生ニュータウン南"],
[34.21846008300781,134.04705810546875,205175,"川添温泉口"],
[34.215797424316406,134.05035400390625,205176,"向坂"],
[34.21078872680664,134.053466796875,205177,"下谷"],
[34.209163665771484,134.0700225830078,205178,"天神"],
[34.20439910888672,134.06227111816406,205179,"東谷"],
[34.212158203125,134.0390625,205180,"田渡池"],
[34.214412689208984,134.03358459472656,205181,"川上"],
[34.212921142578125,134.0325469970703,205182,"鮎滝"],
[34.21054458618164,134.02120971679688,205183,"下倉峠"],
[34.208335876464844,134.01605224609375,205184,"下倉"],
[34.271324157714844,133.95079040527344,205185,"はくちょう温泉"],
[34.273380279541016,133.95150756835938,205186,"橘ノ丘総合運動公園"],
[34.2752685546875,133.9560089111328,205187,"なかまの里"],
[34.27634811401367,133.95205688476562,205188,"橘"],
[34.2821159362793,133.95144653320312,205189,"石船"],
[34.28683090209961,133.94969177246094,205190,"内間"],
[34.29130935668945,133.95181274414062,205191,"県営団地西口"],
[34.29424285888672,133.95333862304688,205192,"西原"],
[34.29650115966797,133.95440673828125,205193,"野間"],
[34.299842834472656,133.95602416992188,205194,"朝日段ボール前"],
[34.30278015136719,133.95790100097656,205195,"東山"],
[34.304603576660156,133.9623565673828,205196,"北部公民館前"],
[34.3060188293457,133.9678497314453,205197,"端岡駅前"],
[34.300376892089844,133.96063232421875,205198,"マルヨシセンター前"],
[34.29714584350586,133.96078491210938,205199,"国分寺支所前"],
[34.2948112487793,133.96090698242188,205200,"北川向"],
[34.291046142578125,133.96121215820312,205201,"南川"],
[34.2882194519043,133.96205139160156,205202,"川辺"],
[34.28384017944336,133.96266174316406,205203,"南部小学校前"],
[34.281028747558594,133.9662322998047,205204,"中福家南"],
[34.27867126464844,133.96864318847656,205205,"北谷"],
[34.27412414550781,133.97073364257812,205206,"本村"],
[34.27224349975586,133.9748992919922,205207,"石ヶ鼻"],
[34.27037811279297,133.98077392578125,205208,"石ヶ鼻団地入口"],
[34.27053451538086,133.98936462402344,205209,"岡本駅前"],
[34.2679443359375,133.98492431640625,205210,"相生"],
[34.282684326171875,133.95689392089844,205211,"川田"],
[34.30106735229492,133.9671173095703,205212,"新居西下所"],
[34.303096771240234,133.9712371826172,205213,"ダイヤパレス前"],
[34.30476760864258,133.97463989257812,205214,"新居東下所"],
[34.30862045288086,133.98162841796875,205215,"県営プール前"],
[34.310768127441406,133.979736328125,205216,"小掛"],
[34.30967330932617,133.9775848388672,205217,"東大谷"],
[34.306827545166016,133.97279357910156,205218,"西大谷"],
[34.30198669433594,133.95208740234375,205219,"里"],
[34.30168914794922,133.948974609375,205220,"国分八幡前"],
[34.301273345947266,133.9449920654297,205221,"馬場"],
[34.30097198486328,133.9419708251953,205222,"国分駅前"],
[34.29879379272461,133.96240234375,205223,"国分寺郵便局前"],
[34.28354263305664,134.04287719726562,205224,"ことでん仏生山駅"],
[34.27865219116211,134.04061889648438,205225,"百相ケ丘団地"],
[34.273494720458984,134.0380096435547,205226,"神宮寺南"],
[34.269935607910156,134.03660583496094,205227,"東舟岡下"],
[34.266868591308594,134.03652954101562,205228,"五端子"],
[34.263309478759766,134.03646850585938,205229,"久保下"],
[34.259037017822266,134.03623962402344,205230,"上浅野"],
[34.258846282958984,134.0390167236328,205231,"市宮池"],
[34.25825500488281,134.0431671142578,205232,"宮の前"],
[34.25687026977539,134.0453643798828,205233,"下坂下"],
[34.2541389465332,134.04586791992188,205234,"坂下"],
[34.25309753417969,134.0472412109375,205235,"道端"],
[34.250553131103516,134.0467529296875,205236,"道端上"],
[34.2479362487793,134.04522705078125,205237,"赤坂下"],
[34.24454879760742,134.04461669921875,205238,"丸山"],
[34.243133544921875,134.044921875,205239,"台目"],
[34.24211502075195,134.03904724121094,205240,"油山"],
[34.24095153808594,134.03416442871094,205241,"香川支所"],
[34.24007797241211,134.03207397460938,205242,"本町"],
[34.23982620239258,134.0289764404297,205243,"長神・キョーエイ空港店"],
[34.238929748535156,134.0213165283203,205244,"香南歴史民俗郷土館"],
[34.238929748535156,134.0156707763672,205245,"大溝"],
[34.23936080932617,134.01292419433594,205246,"香南支所"],
[34.24007797241211,134.00839233398438,205247,"香南小学校前"],
[34.239410400390625,134.0067596435547,205248,"香南楽湯"],
[34.241233825683594,134.00299072265625,205249,"南原"],
[34.241573333740234,133.9993438720703,205250,"池西"],
[34.244384765625,134.0003662109375,205251,"池西支所"],
[34.30922317504883,133.8108673095703,205252,"宇多津ビブレ前"],
[34.30186462402344,133.8050537109375,205253,"新聞放送会館前"],
[34.29964065551758,133.80047607421875,205254,"競艇場口"],
[34.307376861572266,133.7940673828125,205255,"オークラホテル前"],
[34.29481506347656,133.79042053222656,205256,"丸亀港"],
[34.291954040527344,133.7937774658203,205257,"丸亀駅"],
[34.289615631103516,133.79637145996094,205258,"丸亀通町"],
[34.28883743286133,133.80198669433594,205259,"丸亀城前"],
[34.28875732421875,133.8042449951172,205260,"労災病院"],
[34.28313446044922,133.80117797851562,205261,"番丁"],
[34.27695846557617,133.80409240722656,205262,"山北八幡"],
[34.26667022705078,133.811279296875,205263,"南中学校"],
[34.26186752319336,133.81446838378906,205264,"大林"],
[34.2600212097168,133.8178253173828,205265,"郡家東"],
[34.26206970214844,133.82479858398438,205266,"春日の辻"],
[34.26291275024414,133.84092712402344,205267,"飯山総合学習センター"],
[34.264381408691406,133.86053466796875,205268,"飯山市民総合センター"],
[34.258602142333984,133.85887145996094,205269,"飯山総合保健福祉センター"],
[34.25654220581055,133.85592651367188,205270,"島田"],
[34.249534606933594,133.87313842773438,205271,"富士見坂団地前"],
[34.256656646728516,133.88772583007812,205272,"富士見坂集会所"],
[34.24585723876953,133.87591552734375,205273,"沖"],
[34.24079513549805,133.87969970703125,205274,"行末"],
[34.23386764526367,133.88446044921875,205275,"琴電栗熊駅"],
[34.23227310180664,133.8804931640625,205276,"アイレックス"],
[34.23271179199219,133.87762451171875,205277,"綾歌市民総合センター"],
[34.22206115722656,133.87210083007812,205278,"長者原"],
[34.222251892089844,133.86468505859375,205279,"小津森"],
[34.22040557861328,133.86119079589844,205280,"琴電岡田駅"],
[34.218406677246094,133.85922241210938,205281,"岡田"],
[34.217132568359375,133.85836791992188,205282,"岡田上"],
[34.214744567871094,133.8574981689453,205283,"市地"],
[34.208763122558594,133.85763549804688,205284,"打越"],
[34.21031951904297,133.8759765625,205285,"NEWレオマワールド"],
[34.29616165161133,133.79469299316406,205286,"うちわの港ミュージアム"],
[34.29271697998047,133.79774475097656,205287,"葭町"],
[34.28923797607422,133.79409790039062,205288,"南条町"],
[34.287078857421875,133.79714965820312,205289,"亀山公園"],
[34.291927337646484,133.80247497558594,205290,"渡場"],
[34.29466247558594,133.80714416503906,205291,"蓬莱橋"],
[34.29757308959961,133.81008911132812,205292,"東新開"],
[34.294715881347656,133.81298828125,205293,"田潮八幡口"],
[34.29221725463867,133.81451416015625,205294,"土器本村"],
[34.28782272338867,133.81692504882812,205295,"土器団地"],
[34.28584671020508,133.82147216796875,205296,"長友団地"],
[34.28722381591797,133.82566833496094,205297,"吉岡西"],
[34.28746795654297,133.8304443359375,205298,"吉岡"],
[34.28506851196289,133.8321533203125,205299,"西分"],
[34.280677795410156,133.8338165283203,205300,"ふれあいセンターいいの"],
[34.27479553222656,133.83465576171875,205301,"飯野山登山口"],
[34.269840240478516,133.8353729248047,205302,"珠光園"],
[34.265525817871094,133.83673095703125,205303,"山根西"],
[34.26482391357422,133.8343048095703,205304,"高柳"],
[34.25587844848633,133.80845642089844,205305,"一里屋"],
[34.25434112548828,133.8006134033203,205306,"キムラ"],
[34.256378173828125,133.7996368408203,205307,"まつねクリニック前"],
[34.25838851928711,133.79852294921875,205308,"黒嶋"],
[34.26688003540039,133.79373168945312,205309,"田村団地"],
[34.265560150146484,133.79119873046875,205310,"スポーツセンター"],
[34.2584228515625,133.78787231445312,205311,"原田"],
[34.25632095336914,133.7871856689453,205312,"原田南口"],
[34.255653381347656,133.7847137451172,205313,"天満屋ハピータウン"],
[34.25745391845703,133.78343200683594,205314,"西三分一"],
[34.259765625,133.78439331054688,205315,"丸亀スタジアム"],
[34.26285934448242,133.79244995117188,205316,"ボートピア丸亀"],
[34.26963806152344,133.78858947753906,205317,"先代池"],
[34.27354431152344,133.7838592529297,205318,"ゆめタウン前"],
[34.27323913574219,133.78329467773438,205319,"天満池"],
[34.27120590209961,133.77967834472656,205320,"瓢池"],
[34.2686653137207,133.77464294433594,205321,"健康橋"],
[34.275428771972656,133.76907348632812,205322,"イオンタウン"],
[34.281734466552734,133.77365112304688,205323,"中津橋"],
[34.283206939697266,133.77662658691406,205324,"川井整形前"],
[34.2847785949707,133.7805633544922,205325,"塩屋別院"],
[34.28663635253906,133.78526306152344,205326,"塩屋橋"],
[34.28864669799805,133.7914581298828,205327,"幸町"],
[34.28965759277344,133.80712890625,205328,"城東町"],
[34.28713607788086,133.81072998046875,205329,"高津"],
[34.28376770019531,133.8135528564453,205330,"高津団地"],
[34.28117752075195,133.81558227539062,205331,"西村下"],
[34.2779541015625,133.81752014160156,205332,"西村"],
[34.27367401123047,133.8196563720703,205333,"高熊"],
[34.27000427246094,133.82057189941406,205334,"双子山"],
[34.26683807373047,133.82191467285156,205335,"川西原"],
[34.25669860839844,133.82789611816406,205336,"城辰小学校"],
[34.25308609008789,133.8298797607422,205337,"川西ふれあい会館"],
[34.249210357666016,133.8316192626953,205338,"岸の上"],
[34.24357604980469,133.8339080810547,205339,"西小川"],
[34.24097442626953,133.8344268798828,205340,"フジグラン"],
[34.23907470703125,133.83473205566406,205341,"剱来松木自治会館前"],
[34.236846923828125,133.83485412597656,205342,"土器川生物公園"],
[34.22914505004883,133.83370971679688,205343,"垂水団地"],
[34.22407531738281,133.8343048095703,205344,"垂水橋"],
[34.22154998779297,133.83058166503906,205345,"上代"],
[34.219635009765625,133.82662963867188,205346,"東高篠"],
[34.22185134887695,133.82420349121094,205347,"丸亀南"],
[34.22419357299805,133.8226318359375,205348,"丸亀浄水場"],
[34.23153305053711,133.81980895996094,205349,"願誓寺"],
[34.232784271240234,133.82247924804688,205350,"金竹"],
[34.23322296142578,133.8284454345703,205351,"垂水ふれあいセンター"],
[34.235015869140625,133.82626342773438,205352,"八尺"],
[34.23883819580078,133.82382202148438,205353,"田井"],
[34.24440002441406,133.8230743408203,205354,"立の外"],
[34.24818420410156,133.82090759277344,205355,"郡家郵便局"],
[34.247371673583984,133.8173065185547,205356,"宝憧寺池"],
[34.24555587768555,133.81285095214844,205357,"上三条"],
[34.2484016418457,133.81040954589844,205358,"籠池"],
[34.253143310546875,133.80819702148438,205359,"両宮"],
[34.2592887878418,133.80770874023438,205360,"郡家原"],
[34.26362609863281,133.8064727783203,205361,"ポリテクカレッジ前"],
[34.26661682128906,133.80545043945312,205362,"三船病院"],
[34.27091598510742,133.80337524414062,205363,"亀山学園"],
[34.27395248413086,133.80149841308594,205364,"ぽかぽか温泉前"],
[34.27661895751953,133.79718017578125,205365,"蓮池公園"],
[34.278263092041016,133.79605102539062,205366,"城西高校"],
[34.28413391113281,133.7965850830078,205367,"丸亀高校"],
[34.30654525756836,133.8135223388672,205368,"宇多津駅北口"],
[34.306331634521484,133.8142852783203,205369,"宇多津駅南口"],
[34.304786682128906,133.81578063964844,205370,"ユープラザうたづ西"],
[34.300418853759766,133.81259155273438,205371,"宇夫階"],
[34.29886245727539,133.8111114501953,205372,"新開"],
[34.24968338012695,133.82431030273438,205373,"天然温泉あ・くあ前"],
[34.25206756591797,133.8296356201172,205374,"さくらい薬局前"],
[34.244998931884766,133.83421325683594,205375,"中北自治会館前"],
[34.246437072753906,133.84071350097656,205376,"五反地"],
[34.24750518798828,133.84446716308594,205377,"東小川児童センター"],
[34.2466926574707,133.85060119628906,205378,"日吉"],
[34.2478141784668,133.85646057128906,205379,"南コミュニティセンター"],
[34.248104095458984,133.85897827148438,205380,"四反地"],
[34.244998931884766,133.8612823486328,205381,"切池"],
[34.240684509277344,133.85870361328125,205382,"遠田"],
[34.232295989990234,133.85684204101562,205383,"下土居"],
[34.225521087646484,133.85842895507812,205384,"岡田小学校前"],
[34.22318649291992,133.8595733642578,205385,"岡田中央"],
[34.22676467895508,133.8819122314453,205386,"綾歌保健福祉センター"],
[34.313804626464844,133.85623168945312,205387,"坂出駅前"],
[34.314414978027344,133.85623168945312,205388,"坂出案内所前（下り）"],
[34.314815521240234,133.85621643066406,205389,"坂出駅前通り（上り）"],
[34.317806243896484,133.8557891845703,205390,"商工会館前"],
[34.318359375,133.85244750976562,205391,"港町"],
[34.31743621826172,133.84561157226562,205392,"白金町"],
[34.31654739379883,133.84275817871094,205393,"坂工前"],
[34.32265090942383,133.8375701904297,205394,"御供所公園"],
[34.323516845703125,133.8323211669922,205395,"番の洲公園"],
[34.332557678222656,133.82774353027344,205396,"川崎造船"],
[34.33760452270508,133.8267059326172,205397,"番の洲町"],
[34.342071533203125,133.84048461914062,205398,"三菱化学"],
[34.344459533691406,133.8437957763672,205399,"四国電力"],
[34.34978485107422,133.85015869140625,205400,"瀬居町西浦"],
[34.35147476196289,133.848388671875,205401,"瀬居郵便局"],
[34.351619720458984,133.85693359375,205402,"瀬居中学校"],
[34.35414505004883,133.85751342773438,205403,"瀬居町本浦"],
[34.357845306396484,133.85467529296875,205404,"瀬居町竹浦"],
[34.347862243652344,133.8237762451172,205405,"沙弥島万葉会館"],
[34.349708557128906,133.82606506347656,205406,"東山魁夷せとうち美術館"],
[34.35049819946289,133.8274688720703,205407,"瀬戸大橋記念公園（下り）"],
[34.352508544921875,133.8280029296875,205408,"瀬戸大橋記念公園（上り）"],
[34.12762451171875,133.6609649658203,205409,"観音寺市役所"],
[34.12471389770508,133.65574645996094,205410,"観音寺駅"],
[34.12713623046875,133.6536865234375,205411,"駅通り（大黒屋）"],
[34.12767028808594,133.64520263671875,205412,"元町（元町広場）"],
[34.12630081176758,133.63795471191406,205413,"観音寺港"],
[34.11989974975586,133.6763458251953,205414,"出作（誠味堂）"],
[34.10848617553711,133.6853790283203,205415,"運動公園正門"],
[34.10497283935547,133.6803436279297,205416,"木之郷（高橋呉服店）"],
[34.111900329589844,133.6699981689453,205417,"中出（香川銀行）"],
[34.121429443359375,133.65367126464844,205418,"昭和（マルナカ東口）"],
[34.12675476074219,133.67556762695312,205419,"常磐小学校"],
[34.116233825683594,133.69403076171875,205420,"池之尻郵使局"],
[34.100257873535156,133.6781768798828,205421,"百々"],
[34.10495376586914,133.66546630859375,205422,"山王"],
[34.08918762207031,133.65516662597656,205423,"林西集会場"],
[34.082054138183594,133.64344787597656,205424,"三豊総合病院"],
[34.078857421875,133.71661376953125,205425,"谷口（奥谷）"],
[34.09348678588867,133.69041442871094,205426,"丸井北（JA豊南紀伊支所）"],
[34.09879684448242,133.69046020507812,205427,"出晴"],
[34.09793472290039,133.6971893310547,205428,"常次（JA粟井支店）"],
[34.10884475708008,133.7017364501953,205429,"豊田幼稚園"],
[34.1178092956543,133.69619750976562,205430,"粟屋"],
[34.12868881225586,133.7060089111328,205431,"江藤"],
[34.13433837890625,133.695556640625,205432,"本大（ふたぱ保育園）"],
[34.132896423339844,133.68836975097656,205433,"吉岡本村"],
[34.1332893371582,133.6661834716797,205434,"村黒小岡（松井病院）"],
[34.1301155090332,133.6526336669922,205435,"上市（コミュニティセンター）"],
[34.1270637512207,133.65455627441406,205436,"観音寺郵便局"],
[34.12001419067383,133.63821411132812,205437,"瀬戸町"],
[34.108882904052734,133.64462280273438,205438,"山田産業団地"],
[34.09711837768555,133.6444854736328,205439,"香川井下病院"],
[34.085697174072266,133.64181518554688,205440,"五軒屋（マルナカ）"],
[34.042354583740234,133.68441772460938,205441,"田野々"],
[34.03129577636719,133.69143676757812,205442,"海老済"],
[34.05651092529297,133.6904754638672,205443,"谷上（教育センター）"],
[34.07355880737305,133.677734375,205444,"上中（JA豊南萩原支所）"],
[34.089263916015625,133.66522216796875,205445,"下木屋（石川医院）"],
[34.08611297607422,133.66224670410156,205446,"宮之下（JA豊南本所）"],
[34.07524490356445,133.66287231445312,205447,"豆塚集会場"],
[34.077735900878906,133.6751251220703,205448,"萩原郵使局"],
[34.08367156982422,133.66456604003906,205449,"大野原支所（いきいきセンター）"],
[34.083702087402344,133.66009521484375,205450,"萩の湯"],
[34.07520294189453,133.64088439941406,205451,"すぽっシユ豊浜"],
[34.07986831665039,133.64382934570312,205452,"豊浜駅"],
[34.121429443359375,133.65367126464844,205453,"昭和（マルナカ）"],
[34.126609802246094,133.6510467529297,205454,"南公民館"],
[34.132835388183594,133.64999389648438,205455,"琴弾公園（森内科）"],
[34.15581130981445,133.64537048339844,205456,"室本港"],
[34.14549255371094,133.65365600585938,205457,"高屋明下（高室公民館）"],
[34.048831939697266,133.6208953857422,205458,"箕浦"],
[34.05615997314453,133.6309051513672,205459,"関谷公民館"],
[34.06373977661133,133.6355438232422,205460,"大平木"],
[34.0687255859375,133.64788818359375,205461,"道溝（和田分団屯所）"],
[34.06094741821289,133.6574249267578,205462,"大坪（なしの郷看板）"],
[34.073974609375,133.6370086669922,205463,"豊浜支所"],
[34.079559326171875,133.63760375976562,205464,"東浜"],
[34.07916259765625,133.6409454345703,205465,"須賀（自治会館）"],
[34.084922790527344,133.661865234375,205466,"宮之下（Aコープ豊南）"],
[34.10026931762695,133.6599578857422,205467,"十三塚"],
[34.124237060546875,133.661865234375,205468,"坂本（観音寺サティ）"],
[34.13325119018555,133.66416931152344,205469,"村黒（デイリーヤマザキ）"],
[34.12602996826172,133.5335235595703,205470,"伊吹真浦港"],
[34.12942123413086,133.53366088867188,205471,"荒神社"],
[34.127567291259766,133.53500366210938,205472,"伊吹小学校"],
[34.129642486572266,133.53594970703125,205473,"北浦六地蔵"],
[34.12816619873047,133.53526306152344,205474,"伊吹八幡神社（公民館下）"],
[34.324893951416016,134.17166137695312,205475,"さぬき市役所"],
[34.322593688964844,134.17312622070312,205476,"琴電志度駅"],
[34.32180404663086,134.1732635498047,205477,"JR志度駅"],
[34.32023620605469,134.18099975585938,205478,"大橋"],
[34.321739196777344,134.1861114501953,205479,"天野"],
[34.326171875,134.1908721923828,205480,"徳島文理大"],
[34.32345962524414,134.18992614746094,205481,"徳島文理大国道口"],
[34.32171630859375,134.19815063476562,205482,"天野峠"],
[34.32355880737305,134.2079315185547,205483,"志度東中前"],
[34.323036193847656,134.21096801757812,205484,"鴨部川橋"],
[34.318946838378906,134.21435546875,205485,"成山口"],
[34.312477111816406,134.2176055908203,205486,"鴨部公民館"],
[34.3125114440918,134.22662353515625,205487,"鴨部出張所前"],
[34.31018829345703,134.23387145996094,205488,"羽立峠"],
[34.303184509277344,134.24266052246094,205489,"北羽立"],
[34.296546936035156,134.24493408203125,205490,"南羽立"],
[34.2938232421875,134.24671936035156,205491,"津田高校"],
[34.2917366027832,134.246826171875,205492,"津田病院"],
[34.28964614868164,134.24879455566406,205493,"JR津田駅前"],
[34.28974533081055,134.24949645996094,205494,"津田農協前"],
[34.28784942626953,134.2510986328125,205495,"津田支所"],
[34.28366470336914,134.2485809326172,205496,"神野"],
[34.27743911743164,134.24244689941406,205497,"柴谷トンネル南口"],
[34.27099609375,134.2361602783203,205498,"谷町"],
[34.26506042480469,134.24227905273438,205499,"川東"],
[34.26579284667969,134.25303649902344,205500,"昭和"],
[34.26146697998047,134.25015258789062,205501,"友近"],
[34.25783920288086,134.24981689453125,205502,"田面"],
[34.2531852722168,134.25732421875,205503,"さざんか荘"],
[34.2588996887207,134.2423858642578,205504,"道の駅みろく"],
[34.26102066040039,134.23512268066406,205505,"大川一中前"],
[34.26405334472656,134.23565673828125,205506,"大川支所"],
[34.2623405456543,134.23507690429688,205507,"並松"],
[34.2646369934082,134.2282257080078,205508,"陶山養鶏場"],
[34.265586853027344,134.221435546875,205509,"筒野"],
[34.2657470703125,134.21383666992188,205510,"大角"],
[34.26245880126953,134.21136474609375,205511,"石田高校南"],
[34.26081085205078,134.20150756835938,205512,"布勢"],
[34.26606750488281,134.20150756835938,205513,"さぬき市民病院"],
[34.266780853271484,134.20443725585938,205514,"寒川支所"],
[34.26765823364258,134.20591735839844,205515,"山王団地前"],
[34.272003173828125,134.2058563232422,205516,"西山王"],
[34.27692794799805,134.2069091796875,205517,"寒川高校前"],
[34.282108306884766,134.2063751220703,205518,"山崎"],
[34.283042907714844,134.20098876953125,205519,"南野間"],
[34.28258514404297,134.18594360351562,205520,"JR造田駅"],
[34.27898406982422,134.1768341064453,205521,"広瀬橋"],
[34.2725830078125,134.17623901367188,205522,"森貞"],
[34.26724624633789,134.17604064941406,205523,"東町"],
[34.26498794555664,134.17337036132812,205524,"旭町"],
[34.26515579223633,134.169921875,205525,"大川バス本社前"],
[34.32048034667969,134.17832946777344,205526,"国道口"],
[34.316646575927734,134.17747497558594,205527,"志度中学校前"],
[34.31525802612305,134.173583984375,205528,"藤村"],
[34.3116569519043,134.1694793701172,205529,"グリーンタウン"],
[34.310855865478516,134.17779541015625,205530,"志度バスストップ"],
[34.30610656738281,134.18032836914062,205531,"幸田"],
[34.30229568481445,134.18048095703125,205532,"JRオレンジタウン駅"],
[34.29523468017578,134.1790313720703,205533,"長行"],
[34.28787612915039,134.1762237548828,205534,"日切地蔵"],
[34.284889221191406,134.1758270263672,205535,"宮西"],
[34.26486587524414,134.1759490966797,205536,"長尾支所西側"],
[34.2591552734375,134.17578125,205537,"陵"],
[34.253353118896484,134.17529296875,205538,"亀鶴"],
[34.249855041503906,134.18194580078125,205539,"亀鶴公園"],
[34.24843978881836,134.18653869628906,205540,"ツインパルながお"],
[34.25102615356445,134.17381286621094,205541,"塚原橋"],
[34.24769592285156,134.1671905517578,205542,"行基苑"],
[34.248104095458984,134.1725616455078,205543,"屯所前"],
[34.24364471435547,134.17442321777344,205544,"一心庵"],
[34.238731384277344,134.175048828125,205545,"市乃江"],
[34.2346076965332,134.17269897460938,205546,"大石"],
[34.230621337890625,134.17176818847656,205547,"梅ヶ畑"],
[34.223121643066406,134.17178344726562,205548,"下中津"],
[34.22136306762695,134.17416381835938,205549,"道の駅ながお"],
[34.22173309326172,134.17962646484375,205550,"来栖"],
[34.22068786621094,134.18374633789062,205551,"山王"],
[34.215606689453125,134.18524169921875,205552,"道面"],
[34.2120246887207,134.18438720703125,205553,"肥多尾"],
[34.210655212402344,134.18124389648438,205554,"大多和"],
[34.197906494140625,134.17489624023438,205555,"額峠"],
[34.19401550292969,134.176025390625,205556,"牧場口"],
[34.190731048583984,134.17477416992188,205557,"助光"],
[34.18695831298828,134.17088317871094,205558,"多和小学校前"],
[34.18293380737305,134.17652893066406,205559,"東谷"],
[34.17649459838867,134.1859893798828,205560,"竹屋敷"],
[34.17621994018555,134.19085693359375,205561,"槇川"],
[34.1903076171875,134.20664978027344,205562,"大窪寺"],
[34.181304931640625,134.16676330566406,205563,"馬草"],
[34.177494049072266,134.16671752929688,205564,"力石"],
[34.17064666748047,134.1634521484375,205565,"上中山"],
[34.16891860961914,134.1555938720703,205566,"中山"],
[34.323917388916016,134.1737518310547,205567,"交流プラザ前"],
[34.32399368286133,134.1754913330078,205568,"市場前"],
[34.32442855834961,134.17794799804688,205569,"寺町"],
[34.32707214355469,134.1859130859375,205570,"弁天"],
[34.32612991333008,134.191650390625,205571,"徳島文理大・音楽ホール口"],
[34.328338623046875,134.1881866455078,205572,"徳島文理大北口"],
[34.33001708984375,134.19346618652344,205573,"小方峠口"],
[34.32756042480469,134.2056121826172,205574,"鴨庄橋西側"],
[34.332862854003906,134.1909637451172,205575,"小方漁村センター"],
[34.33837127685547,134.1986083984375,205576,"昭和橋西側"],
[34.3329963684082,134.20318603515625,205577,"大谷"],
[34.34257507324219,134.20668029785156,205578,"長浜"],
[34.36395263671875,134.2084197998047,205579,"大串温泉"],
[34.32783889770508,134.207275390625,205580,"鴨庄郵便局前"],
[34.32862854003906,134.2107391357422,205581,"生涯学習館"],
[34.33344650268555,134.21726989746094,205582,"大井"],
[34.33525848388672,134.22225952148438,205583,"日盛の里"],
[34.345821380615234,134.2217559814453,205584,"苫張"],
[34.340816497802734,134.22708129882812,205585,"興津海水浴場"],
[34.3358154296875,134.22402954101562,205586,"興津口"],
[34.337318420410156,134.2306365966797,205587,"堀切"],
[34.33707046508789,134.2342529296875,205588,"西浜"],
[34.33705139160156,134.23658752441406,205589,"小田"],
[34.33849334716797,134.24057006835938,205590,"本小田"],
[34.33723831176758,134.24378967285156,205591,"大空口"],
[34.337860107421875,134.24966430664062,205592,"志度カントリークラブ口"],
[34.316524505615234,134.18283081054688,205593,"三井団地"],
[34.3134765625,134.1862030029297,205594,"津村ハイツ"],
[34.31169891357422,134.18780517578125,205595,"志度南交流センター前"],
[34.30894088745117,134.1869354248047,205596,"ニュータウン第3公園"],
[34.30400848388672,134.1934356689453,205597,"末公民館"],
[34.289791107177734,134.19700622558594,205598,"野間池"],
[34.28529739379883,134.1968536376953,205599,"乙井橋"],
[34.270992279052734,134.2004852294922,205600,"天王中学校前"],
[34.27703857421875,134.19483947753906,205601,"香東園口"],
[34.28406524658203,134.2084197998047,205602,"神前小学校前"],
[34.286598205566406,134.20973205566406,205603,"藁屋道"],
[34.28788757324219,134.2135009765625,205604,"中村"],
[34.28965759277344,134.2174835205078,205605,"男山神社前"],
[34.29207992553711,134.223876953125,205606,"馬次道"],
[34.292213439941406,134.23037719726562,205607,"津田運動公園"],
[34.29034423828125,134.2374725341797,205608,"川北"],
[34.29180145263672,134.23944091796875,205609,"さわやか荘入口"],
[34.327449798583984,134.2607879638672,205610,"猪塚"],
[34.32398986816406,134.2616729736328,205611,"瀬ノ下"],
[34.3207893371582,134.26283264160156,205612,"曽根"],
[34.319549560546875,134.26193237304688,205613,"江泊"],
[34.31632614135742,134.25875854492188,205614,"松尾"],
[34.31168746948242,134.25086975097656,205615,"平畑"],
[34.306373596191406,134.24571228027344,205616,"吉見"],
[34.3049201965332,134.24514770507812,205617,"北原"],
[34.30175018310547,134.2456817626953,205618,"三ツ星ベルト前"],
[34.299781799316406,134.2461700439453,205619,"ふれあい会館"],
[34.29652786254883,134.24546813964844,205620,"津田橋"],
[34.28611755371094,134.25408935546875,205621,"琴林"],
[34.28424072265625,134.25839233398438,205622,"クアパーク津田"],
[34.28163146972656,134.2611083984375,205623,"鶴羽西町東"],
[34.2814826965332,134.26492309570312,205624,"鶴羽郵便局"],
[34.28261947631836,134.2682647705078,205625,"東部児童館"],
[34.28166198730469,134.26829528808594,205626,"鶴羽幼稚園"],
[34.28151321411133,134.27439880371094,205627,"岡ノ端東"],
[34.27922439575195,134.279296875,205628,"中谷"],
[34.269981384277344,134.28517150878906,205629,"大山上"],
[34.273651123046875,134.28628540039062,205630,"大山"],
[34.27696228027344,134.28343200683594,205631,"大川オアシス"],
[34.28024673461914,134.27401733398438,205632,"JR鶴羽駅"],
[34.2768440246582,134.26779174804688,205633,"天神"],
[34.2771110534668,134.2636260986328,205634,"津田バストップ"],
[34.27786636352539,134.25814819335938,205635,"鶴羽西町中"],
[34.28120422363281,134.26052856445312,205636,"鶴羽西町西"],
[34.28543472290039,134.25270080566406,205637,"津田道の駅"],
[34.18206787109375,133.71493530273438,205638,"三豊市役所"],
[34.1812744140625,133.71685791015625,205639,"マルナカ高瀬店"],
[34.183189392089844,133.71763610839844,205640,"小野歯科医院"],
[34.18696594238281,133.71824645996094,205641,"白井眼科"],
[34.189937591552734,133.7198486328125,205642,"高瀬第一医院"],
[34.19156265258789,133.7282257080078,205643,"井出"],
[34.19668197631836,133.73057556152344,205644,"たかせ天然温泉"],
[34.19361114501953,133.73251342773438,205645,"西村"],
[34.19639205932617,133.7346954345703,205646,"北原"],
[34.198307037353516,133.73748779296875,205647,"上之荘"],
[34.199134826660156,133.74378967285156,205648,"石淵"],
[34.19486999511719,133.73719787597656,205649,"中浦"],
[34.18870544433594,133.7438201904297,205650,"末"],
[34.18376922607422,133.74928283691406,205651,"西ノ側"],
[34.18367385864258,133.75241088867188,205652,"本谷"],
[34.186519622802734,133.75808715820312,205653,"五歩田"],
[34.19285202026367,133.76170349121094,205654,"西ノ脇"],
[34.1937255859375,133.76651000976562,205655,"浦側"],
[34.189598083496094,133.77061462402344,205656,"前側"],
[34.18733596801758,133.7791748046875,205657,"大吉"],
[34.182437896728516,133.78175354003906,205658,"石舟"],
[34.176639556884766,133.7858123779297,205659,"椛ノ木"],
[34.17692184448242,133.79608154296875,205660,"上栂"],
[34.17572784423828,133.8011016845703,205661,"琴浦"],
[34.17069625854492,133.8028106689453,205662,"原下"],
[34.17000198364258,133.79225158691406,205663,"良心市たかせ"],
[34.170082092285156,133.77813720703125,205664,"樫谷"],
[34.172950744628906,133.77366638183594,205665,"東善"],
[34.17441940307617,133.7684326171875,205666,"西森"],
[34.176795959472656,133.7679901123047,205667,"麻農構センター"],
[34.17570877075195,133.76206970214844,205668,"荒山"],
[34.174949645996094,133.75579833984375,205669,"あさの市"],
[34.17131423950195,133.7489013671875,205670,"杉庄"],
[34.16829299926758,133.74545288085938,205671,"本村"],
[34.160316467285156,133.73825073242188,205672,"二ノ宮農構センター"],
[34.16499328613281,133.73422241210938,205673,"山地"],
[34.168182373046875,133.73377990722656,205674,"郷ノ岡"],
[34.17285919189453,133.7342987060547,205675,"矢ノ岡"],
[34.17619705200195,133.72869873046875,205676,"安藤内科医院"],
[34.1788444519043,133.72398376464844,205677,"下土井"],
[34.178924560546875,133.72109985351562,205678,"高瀬中学校前"],
[34.17793655395508,133.7166748046875,205679,"森川整形外科病院"],
[34.17630386352539,133.71636962890625,205680,"高瀬高校口"],
[34.17387771606445,133.71148681640625,205681,"道音寺"],
[34.174808502197266,133.70176696777344,205682,"西香川病院"],
[34.180667877197266,133.70889282226562,205683,"新町"],
[34.183624267578125,133.7113494873047,205684,"高瀬駅"],
[34.18593978881836,133.71543884277344,205685,"高橋ヒフ科医院"],
[34.18860626220703,133.711669921875,205686,"新名"],
[34.192256927490234,133.70413208007812,205687,"西下"],
[34.19547653198242,133.7011260986328,205688,"宗吉"],
[34.197967529296875,133.69947814941406,205689,"西浜"],
[34.200843811035156,133.7003173828125,205690,"JA下高瀬支店"],
[34.20234680175781,133.70648193359375,205691,"三野庁舎"],
[34.207210540771484,133.70193481445312,205692,"東浜"],
[34.21770477294922,133.69578552246094,205693,"みずた内科"],
[34.220951080322266,133.69239807128906,205694,"詫間駅"],
[34.21982955932617,133.69039916992188,205695,"岩崎病院"],
[34.21880340576172,133.68490600585938,205696,"マルナカ詫間店"],
[34.219181060791016,133.6822967529297,205697,"的場"],
[34.2186164855957,133.6769561767578,205698,"蟻の首"],
[34.21812438964844,133.67312622070312,205699,"永康病院"],
[34.22101593017578,133.674072265625,205700,"詫間庁舎"],
[34.228328704833984,133.6654052734375,205701,"マルナカ浜田店"],
[34.2265739440918,133.6602020263672,205702,"本村中"],
[34.223876953125,133.66156005859375,205703,"本村"],
[34.2215576171875,133.65744018554688,205704,"本村上"],
[34.2125358581543,133.6500701904297,205705,"詫開越"],
[34.21006774902344,133.64657592773438,205706,"朝日"],
[34.20635986328125,133.644775390625,205707,"大北"],
[34.204036712646484,133.6500244140625,205708,"平石幼稚園前"],
[34.202388763427734,133.65023803710938,205709,"仁尾小学校前"],
[34.20013427734375,133.6458740234375,205710,"仁尾町文化会館"],
[34.19892120361328,133.64617919921875,205711,"仁尾南"],
[34.19688034057617,133.6452178955078,205712,"仁尾庁舎"],
[34.20075607299805,133.64361572265625,205713,"仁尾郵便局"],
[34.20399856567383,133.64273071289062,205714,"賀茂神社"],
[34.207279205322266,133.6412353515625,205715,"仁尾マリーナ口"],
[34.209434509277344,133.63735961914062,205716,"古江"],
[34.21644592285156,133.62522888183594,205717,"家の浦"],
[34.22141647338867,133.61813354492188,205718,"名部戸"],
[34.22642135620117,133.61270141601562,205719,"鴨之越"],
[34.23023223876953,133.6087188720703,205720,"大浜南"],
[34.233642578125,133.6103515625,205721,"大浜"],
[34.07926559448242,133.64662170410156,205722,"三豊工業高校前"],
[34.08232879638672,133.6590118408203,205723,"瀬後"],
[34.084510803222656,133.66371154785156,205724,"大野原中央公民館"],
[34.08623123168945,133.66836547851562,205725,"大野原中学校口"],
[34.08952713012695,133.67306518554688,205726,"中姫中央"],
[34.09103012084961,133.68093872070312,205727,"青岡"],
[34.09348678588867,133.69041442871094,205728,"丸井北"],
[34.09678649902344,133.69668579101562,205729,"粟井"],
[34.10430908203125,133.7036590576172,205730,"新田"],
[34.10991668701172,133.7156524658203,205731,"三谷"],
[34.111671447753906,133.7197723388672,205732,"池の向"],
[34.11421585083008,133.726318359375,205733,"山本東"],
[34.11862564086914,133.7246856689453,205734,"山本庁舎"],
[34.11973190307617,133.7222900390625,205735,"マルナカ山本店"],
[34.12100601196289,133.72203063964844,205736,"しのはら医院"],
[34.11798095703125,133.73402404785156,205737,"西中"],
[34.11783981323242,133.7358856201172,205738,"橋本病院"],
[34.120121002197266,133.7410430908203,205739,"JA宝山支店"],
[34.12409210205078,133.7451934814453,205740,"長瀬"],
[34.12884521484375,133.75387573242188,205741,"砂古"],
[34.132606506347656,133.7602996826172,205742,"中屋敷"],
[34.1358642578125,133.7645721435547,205743,"大坪"],
[34.139461517333984,133.76812744140625,205744,"砂川"],
[34.14179229736328,133.77127075195312,205745,"神田定住センター"],
[34.144813537597656,133.77618408203125,205746,"神田工業団地"],
[34.14719772338867,133.77926635742188,205747,"土井"],
[34.151058197021484,133.78253173828125,205748,"田の口"],
[34.15276336669922,133.7860870361328,205749,"南立石"],
[34.15538024902344,133.78965759277344,205750,"立石"],
[34.15985870361328,133.79530334472656,205751,"北立石"],
[34.17197036743164,133.81248474121094,205752,"佐文"],
[34.17757034301758,133.81809997558594,205753,"いこいの郷公園"],
[34.18021774291992,133.8250732421875,205754,"買田"],
[34.19069290161133,133.8191680908203,205755,"琴電琴平駅"],
[34.19163513183594,133.8212127685547,205756,"琴平駅"],
[34.21684265136719,133.69871520996094,205757,"松崎東"],
[34.217281341552734,133.7002410888672,205758,"松崎団地"],
[34.21626663208008,133.70538330078125,205759,"岡崎"],
[34.21617889404297,133.70806884765625,205760,"西大見"],
[34.2198600769043,133.71165466308594,205761,"宮脇"],
[34.21854019165039,133.71478271484375,205762,"大見"],
[34.22043228149414,133.72032165527344,205763,"大門"],
[34.227115631103516,133.72328186035156,205764,"ふれあいパークみの"],
[34.22087097167969,133.7252960205078,205765,"深尾"],
[34.21525192260742,133.72650146484375,205766,"丸尾"],
[34.21482467651367,133.7244415283203,205767,"南原"],
[34.21555709838867,133.71871948242188,205768,"大屋敷"],
[34.21270751953125,133.7174530029297,205769,"落合"],
[34.211097717285156,133.71824645996094,205770,"竹田会場"],
[34.207908630371094,133.7185821533203,205771,"出井"],
[34.2053337097168,133.71852111816406,205772,"原"],
[34.202213287353516,133.71548461914062,205773,"下原"],
[34.20587921142578,133.71083068847656,205774,"みの駅"],
[34.20484924316406,133.70909118652344,205775,"本門寺"],
[34.203189849853516,133.7022705078125,205776,"下高瀬小学校前"],
[34.2036247253418,133.6976776123047,205777,"山地外科医院"],
[34.20210647583008,133.69711303710938,205778,"三野線新田"],
[34.19824981689453,133.7001953125,205779,"下組"],
[34.19585418701172,133.7005157470703,205780,"三野線宗吉"],
[34.196163177490234,133.6970672607422,205781,"片山"],
[34.197021484375,133.69503784179688,205782,"三野津ヶ丘"],
[34.19815444946289,133.69015502929688,205783,"津ノ前"],
[34.191322326660156,133.68612670898438,205784,"峠"],
[34.192848205566406,133.68264770507812,205785,"上条"],
[34.195213317871094,133.67967224121094,205786,"谷"],
[34.19667434692383,133.67636108398438,205787,"正本"],
[34.19913101196289,133.6770477294922,205788,"三野線正本"],
[34.20264434814453,133.67832946777344,205789,"北村"],
[34.20659637451172,133.68081665039062,205790,"大原"],
[34.20635986328125,133.68658447265625,205791,"汐木西"],
[34.20949172973633,133.68905639648438,205792,"汐木会館"],
[34.21127700805664,133.68824768066406,205793,"汐木浜"],
[34.21434783935547,133.68801879882812,205794,"新的場南"],
[34.2181510925293,133.68624877929688,205795,"新的場"],
[34.11946105957031,133.7779541015625,205796,"財田庁舎"],
[34.12236404418945,133.78121948242188,205797,"JA財田上支店"],
[34.13516616821289,133.77842712402344,205798,"山才"],
[34.149837493896484,133.75607299804688,205799,"宮奥"],
[34.14875030517578,133.7522430419922,205800,"大水上神社"],
[34.1475715637207,133.74851989746094,205801,"二ノ宮中"],
[34.143585205078125,133.742431640625,205802,"向谷"],
[34.14231872558594,133.72886657714844,205803,"羽方会館"],
[34.143558502197266,133.7276611328125,205804,"三反地"],
[34.140174865722656,133.72659301757812,205805,"高塚"],
[34.138755798339844,133.7230682373047,205806,"白坂"],
[34.13822555541992,133.7192840576172,205807,"高沢"],
[34.14093017578125,133.7152862548828,205808,"大地"],
[34.14366912841797,133.7135009765625,205809,"財田"],
[34.1431999206543,133.70892333984375,205810,"JA上高野支店"],
[34.14287185668945,133.70547485351562,205811,"片山"],
[34.144989013671875,133.69725036621094,205812,"ゆめタウン"],
[34.1467399597168,133.69534301757812,205813,"豊中庁舎"],
[34.147483825683594,133.7025909423828,205814,"下原"],
[34.1518669128418,133.70452880859375,205815,"笠田高校口"],
[34.15645980834961,133.7052459716797,205816,"池田外科医院"],
[34.15909957885742,133.7010498046875,205817,"竹田園"],
[34.16351318359375,133.6973114013672,205818,"友信"],
[34.165191650390625,133.69468688964844,205819,"小山"],
[34.166908264160156,133.68960571289062,205820,"比地大駅"],
[34.169376373291016,133.6894989013672,205821,"小路"],
[34.17344665527344,133.69064331054688,205822,"長畷"],
[34.17732620239258,133.69322204589844,205823,"篠丸歯科医院"],
[34.17560958862305,133.69851684570312,205824,"吹毛ノ山"],
[34.12797546386719,133.6611328125,205825,"観音寺中央高校前"],
[34.133140563964844,133.65867614746094,205826,"観音寺第一高校前"],
[34.14152526855469,133.67752075195312,205827,"桑山十四区"],
[34.14406204223633,133.67726135253906,205828,"桑山十三区"],
[34.1473274230957,133.67971801757812,205829,"桑山十区"],
[34.15073776245117,133.68179321289062,205830,"三ツ池"],
[34.152862548828125,133.68264770507812,205831,"JA桑山支店"],
[34.153419494628906,133.6846160888672,205832,"そがわ医院"],
[34.15656661987305,133.68373107910156,205833,"桑山五区"],
[34.15889358520508,133.68443298339844,205834,"桑山四区"],
[34.16061782836914,133.6839599609375,205835,"川原尻"],
[34.16155242919922,133.68148803710938,205836,"行屋"],
[34.16496658325195,133.68203735351562,205837,"桑山一区"],
[34.164634704589844,133.68626403808594,205838,"町田"],
[34.166378021240234,133.6869659423828,205839,"比地大郵便局"],
[34.16800308227539,133.6888885498047,205840,"比地大小学校前"],
[34.17326736450195,133.68356323242188,205841,"下司"],
[34.176815032958984,133.68333435058594,205842,"成行"],
[34.18184280395508,133.68258666992188,205843,"南郷"],
[34.17927932739258,133.69451904296875,205844,"比地小学校前"],
[34.180912017822266,133.6992950439453,205845,"田淵会揚"],
[34.18167495727539,133.70294189453125,205846,"前田"],
[34.140655517578125,133.69845581054688,205847,"本山小学校前"],
[34.138858795166016,133.69387817382812,205848,"本山寺"],
[34.14222717285156,133.69290161132812,205849,"寺家下"],
[34.15450668334961,133.69566345214844,205850,"竹田西"],
[34.15683364868164,133.69886779785156,205851,"土井"],
[34.16097640991211,133.70880126953125,205852,"道上"],
[34.164554595947266,133.712158203125,205853,"豊中六ツ松"],
[34.1710090637207,133.7153778076172,205854,"六ツ松"],
[34.20167922973633,133.69650268554688,205855,"マルナカ三野店"],
[34.20170974731445,133.69522094726562,205856,"三野町保健センター"],
[34.19866943359375,133.68807983398438,205857,"津ノ前自治会館"],
[34.19379806518555,133.6637725830078,205858,"峠"],
[34.19593811035156,133.65953063964844,205859,"千代"],
[34.19768524169922,133.6499481201172,205860,"ハ幡神社"],
[34.22261428833008,133.67019653320312,205861,"神田"],
[34.22469711303711,133.66671752929688,205862,"砂川"],
[34.22712707519531,133.66372680664062,205863,"浜田"],
[34.22987365722656,133.65980529785156,205864,"城下"],
[34.23145294189453,133.65586853027344,205865,"詫間中学校前"],
[34.2326774597168,133.6537628173828,205866,"須田"],
[34.23292922973633,133.65200805664062,205867,"須田西口"],
[34.232765197753906,133.6436004638672,205868,"東香田"],
[34.233177185058594,133.6381072998047,205869,"香川高専前"],
[34.23311996459961,133.63433837890625,205870,"西香田"],
[34.23731994628906,133.62806701660156,205871,"楠浜"],
[34.23617172241211,133.62490844726562,205872,"恵美"],
[34.235809326171875,133.62071228027344,205873,"船越"],
[34.23652267456055,133.6177520751953,205874,"大浜小学校前"],
[34.23308181762695,133.6069793701172,205875,"荘内大浜"],
[34.234371185302734,133.6039276123047,205876,"波止"],
[34.23427200317383,133.5999298095703,205877,"小浜"],
[34.238006591796875,133.59400939941406,205878,"紫霊出山登山口"],
[34.24122619628906,133.58834838867188,205879,"笹谷"],
[34.244232177734375,133.58604431152344,205880,"肥地木"],
[34.24624252319336,133.5832977294922,205881,"飛谷"],
[34.24799346923828,133.58056640625,205882,"生里南"],
[34.25115203857422,133.58041381835938,205883,"生里"],
[34.255760192871094,133.57754516601562,205884,"仁老浜"],
[34.259273529052734,133.58070373535156,205885,"糸の越"],
[34.25803756713867,133.58848571777344,205886,"箱浦ビジターハウス"],
[34.256412506103516,133.5885009765625,205887,"箱"],
[34.25455856323242,133.59295654296875,205888,"中谷"],
[34.253379821777344,133.59750366210938,205889,"箱新田"],
[34.25226974487305,133.6001739501953,205890,"積新田"],
[34.25135803222656,133.60284423828125,205891,"小久保"],
[34.2487907409668,133.60751342773438,205892,"黒崎"],
[34.248008728027344,133.61061096191406,205893,"積"],
[34.24620056152344,133.61187744140625,205894,"南郷"],
[34.24509811401367,133.6155548095703,205895,"積稲荷"],
[34.240150451660156,133.61546325683594,205896,"伊砂子"],
[34.22732925415039,133.7214813232422,205897,"みの荘"],
[34.224708557128906,133.71653747558594,205898,"天道"],
[34.23072814941406,133.7119598388672,205899,"宮谷"],
[34.235599517822266,133.70652770996094,205900,"西久保谷"],
[34.23820877075195,133.70486450195312,205901,"束久保谷"],
[34.23233413696289,133.6964111328125,205902,"水出"],
[34.22563552856445,133.69252014160156,205903,"松崎北浦"],
[34.21892166137695,133.69406127929688,205904,"松崎西"],
[34.2323112487793,133.66366577148438,205905,"塩生"],
[34.23736572265625,133.66836547851562,205906,"高谷団地"],
[34.2386589050293,133.66915893554688,205907,"高谷"],
[34.23552322387695,133.65821838378906,205908,"新浜東"],
[34.234622955322266,133.65509033203125,205909,"新浜西"],
[34.21921157836914,133.6894989013672,205910,"平林医院"],
[34.216224670410156,133.67967224121094,205911,"讃岐池尻"],
[34.21430206298828,133.67523193359375,205912,"中郷"],
[34.202545166015625,133.6577911376953,205913,"大麻荒神"],
[34.19662857055664,133.6473846435547,205914,"仁尾庁舎駐車揚"],
[34.19412612915039,133.64891052246094,205915,"新開橋"],
[34.189117431640625,133.64999389648438,205916,"父母ヶ浜"],
[34.18524169921875,133.6486053466797,205917,"天王"],
[34.177528381347656,133.64793395996094,205918,"曽保浦の谷"],
[34.17354965209961,133.64816284179688,205919,"曽保中筋"],
[34.168941497802734,133.64718627929688,205920,"曽保"],
[34.15596389770508,133.6466064453125,205921,"室本北口"],
[34.1529541015625,133.64695739746094,205922,"室本"],
[34.14365005493164,133.6554412841797,205923,"高室医院"],
[34.12281799316406,133.64596557617188,205924,"たしろ医院"],
[34.14114761352539,133.67950439453125,205925,"谷"],
[34.14532470703125,133.6822967529297,205926,"ハ幡"],
[34.146934509277344,133.68690490722656,205927,"本山駅"],
[34.14897537231445,133.68972778320312,205928,"桑山十七区"],
[34.141258239746094,133.7037353515625,205929,"井手向"],
[34.13709259033203,133.70889282226562,205930,"森安"],
[34.133636474609375,133.7152557373047,205931,"五ツ街道"],
[34.13082504272461,133.7129364013672,205932,"四ツ足"],
[34.12623596191406,133.7107696533203,205933,"江籐"],
[34.12481689453125,133.71376037597656,205934,"三豊中学校前"],
[34.12295913696289,133.71780395507812,205935,"大西医院"],
[34.120975494384766,133.72079467773438,205936,"三宅歯科医院"],
[34.11900329589844,133.72012329101562,205937,"中辻"],
[34.12120056152344,133.7439727783203,205938,"吉田"],
[34.113365173339844,133.75645446777344,205939,"明神"],
[34.10933303833008,133.76019287109375,205940,"泉平"],
[34.10862350463867,133.7627716064453,205941,"長野口"],
[34.109683990478516,133.76776123046875,205942,"中元"],
[34.11161422729492,133.77130126953125,205943,"川上総合センター"],
[34.115684509277344,133.77191162109375,205944,"丸谷"],
[34.11833953857422,133.77613830566406,205945,"宮坂"],
[34.1204833984375,133.78147888183594,205946,"森"],
[34.120174407958984,133.78428649902344,205947,"久保の下"],
[34.11802673339844,133.79058837890625,205948,"雉子尾"],
[34.11305236816406,133.79638671875,205949,"石野下"],
[34.110626220703125,133.79769897460938,205950,"物産館"],
[34.109222412109375,133.79685974121094,205951,"環の湯"],
[34.11332321166992,133.79965209960938,205952,"石野上"],
[34.11800765991211,133.8025665283203,205953,"正宗"],
[34.12266540527344,133.80458068847656,205954,"芋尾"],
[34.1202278137207,133.8129119873047,205955,"荒戸上"],
[34.117855072021484,133.8142852783203,205956,"財田駅"],
[34.12369918823242,133.80690002441406,205957,"轟橋"],
[34.12741470336914,133.80914306640625,205958,"野田原"],
[34.13222122192383,133.81466674804688,205959,"黒川郵便局前"],
[34.134395599365234,133.8153076171875,205960,"黒川"],
[34.27063751220703,134.137451171875,205961,"学園通り駅"],
[34.27363967895508,134.13812255859375,205962,"三木高前"],
[34.281272888183594,134.1424560546875,205963,"山田"],
[34.28305435180664,134.1372833251953,205964,"宮ノ浦西"],
[34.285152435302734,134.13783264160156,205965,"川東"],
[34.292457580566406,134.13906860351562,205966,"あけぼの荘"],
[34.29552459716797,134.1416473388672,205967,"馬場"],
[34.300384521484375,134.14266967773438,205968,"三木インター前"],
[34.297882080078125,134.13037109375,205969,"高速獅子の里三木"],
[34.29218292236328,134.12278747558594,205970,"医学部附属病院"],
[34.282989501953125,134.12380981445312,205971,"宮ノ前"],
[34.279972076416016,134.1231689453125,205972,"宗戸南"],
[34.277095794677734,134.12242126464844,205973,"デイサービスくすの木前"],
[34.273502349853516,134.12168884277344,205974,"讃陽堂松原病院前"],
[34.271080017089844,134.1280517578125,205975,"小山眼科前"],
[34.26921463012695,134.13381958007812,205976,"三木町役場"],
[34.26792526245117,134.1270751953125,205977,"柳原"],
[34.26264572143555,134.12754821777344,205978,"福万"],
[34.2533073425293,134.12762451171875,205979,"重元"],
[34.24782943725586,134.12449645996094,205980,"川原"],
[34.24113845825195,134.12266540527344,205981,"石塚"],
[34.23521041870117,134.12245178222656,205982,"農村運動広場前"],
[34.2530403137207,134.13522338867188,205983,"サンサン館みき"],
[34.25309371948242,134.14100646972656,205984,"レガン前"],
[34.2550163269043,134.14634704589844,205985,"四條"],
[34.26240921020508,134.1482391357422,205986,"きただい医院前"],
[34.26651382446289,134.1492156982422,205987,"ヴィラ讃岐"],
[34.263023376464844,134.1357421875,205988,"あいあいタウン・ACデコール前"],
[34.25783157348633,134.13482666015625,205989,"中川"],
[34.24748229980469,134.14138793945312,205990,"山大寺"],
[34.23696517944336,134.14215087890625,205991,"総合運動公園南"],
[34.23850631713867,134.14857482910156,205992,"観光農園森のいちご前"],
[34.23741912841797,134.1578369140625,205993,"天満"],
[34.231807708740234,134.1571807861328,205994,"二区"],
[34.22682571411133,134.15606689453125,205995,"神山公民館前"],
[34.22337341308594,134.1564483642578,205996,"鹿庭コミュニティセンター前"],
[34.22086715698242,134.15573120117188,205997,"森橋"],
[34.24140548706055,134.157958984375,205998,"みきの家"],
[34.24739456176758,134.1593017578125,205999,"中代"],
[34.25041198730469,134.1592254638672,206000,"パック三樹前"],
[34.2524299621582,134.1565704345703,206001,"川人外科内科前"],
[34.25524139404297,134.159912109375,206002,"高木北"],
[34.258853912353516,134.1604461669922,206003,"中井戸"],
[34.26255416870117,134.16049194335938,206004,"おかべ整形外科前"],
[34.26611328125,134.15945434570312,206005,"やの整骨院前"],
[34.2662353515625,134.15151977539062,206006,"中原医院前"],
[34.268280029296875,134.13865661621094,206007,"マルナカ三木店前"],
[34.445091247558594,134.00180053710938,206008,"つり公園"],
[34.44672775268555,133.9978485107422,206009,"つつじ荘"],
[34.45102310180664,134.0015411376953,206010,"積浦"],
[34.4613151550293,133.99864196777344,206011,"本村港"],
[34.46073913574219,133.9972381591797,206012,"農協前"],
[34.46013259887695,133.99549865722656,206013,"役場前"],
[34.460289001464844,133.98826599121094,206014,"中学校前"],
[34.45943069458008,133.98367309570312,206015,"幼児学園"],
[34.458133697509766,133.97889709472656,206016,"福祉センター下"],
[34.456932067871094,133.97911071777344,206017,"福祉センター"],
[34.45785903930664,133.97671508789062,206018,"東宮ノ浦"],
[34.45185470581055,133.97645568847656,206019,"横防"],
[34.457576751708984,133.97483825683594,206020,"宮浦港"],
[34.460601806640625,133.9745330810547,206021,"ふれあい診療所"],
[34.46189880371094,133.9774932861328,206022,"生協前"],
[34.4630012512207,133.9773406982422,206023,"鷲ノ松"],
[34.46564865112305,133.97711181640625,206024,"才ノ神"],
[34.467960357666016,133.97703552246094,206025,"大坂"],
[34.469303131103516,133.97653198242188,206026,"正門前"],
[34.47275161743164,133.9700927734375,206027,"直島環境センター"],
[34.47225570678711,133.9722900390625,206028,"有価金属リサイクル施設"],
[34.44963836669922,133.98593139648438,206029,"地中美術館"],
[34.16788101196289,133.97219848632812,206030,"柏原口"],
[34.1696891784668,133.97549438476562,206031,"上新名"],
[34.17713165283203,133.98080444335938,206032,"下新名"],
[34.183311462402344,133.9876251220703,206033,"新名峠"],
[34.19054412841797,133.99363708496094,206034,"夫婦神"],
[34.19728088378906,133.994384765625,206035,"小野"],
[34.20257568359375,133.98973083496094,206036,"診療所前"],
[34.20508575439453,133.98968505859375,206037,"農協前"],
[34.205989837646484,133.98944091796875,206038,"田万"],
[34.20426940917969,134.0051727294922,206039,"下和田"],
[34.20833206176758,133.9782257080078,206040,"栗原"],
[34.212772369384766,133.97218322753906,206041,"南山"],
[34.219852447509766,133.96481323242188,206042,"川北"],
[34.221073150634766,133.96524047851562,206043,"公民館前"],
[34.2201042175293,133.9665069580078,206044,"山田上"],
[34.21745681762695,133.96702575683594,206045,"郵便局前"],
[34.222076416015625,133.95651245117188,206046,"天神"],
[34.225852966308594,133.9494171142578,206047,"綾上支所"],
[34.227657318115234,133.94752502441406,206048,"法導寺"],
[34.2346076965332,133.94680786132812,206049,"北山"],
[34.24982452392578,133.9474334716797,206050,"陶駅前（コトデン陶駅）"],
[34.253623962402344,133.94615173339844,206051,"取染（ふれあいセンター）"],
[34.25946044921875,133.94309997558594,206052,"陶病院"],
[34.179901123046875,133.9566650390625,206053,"西分南"],
[34.18246841430664,133.96011352539062,206054,"開"],
[34.1940803527832,133.95297241210938,206055,"山角"],
[34.20072937011719,133.9486846923828,206056,"西分"],
[34.2070426940918,133.95098876953125,206057,"堂谷"],
[34.21077346801758,133.95066833496094,206058,"西分橋"],
[34.2150764465332,133.94871520996094,206059,"神ノ木"],
[34.21830749511719,133.95233154296875,206060,"もみじ温泉前"],
[34.222721099853516,133.94711303710938,206061,"長田"],
[34.22346878051758,133.94207763671875,206062,"牛川"],
[34.224403381347656,133.9369659423828,206063,"宗戸"],
[34.22636032104492,133.9308319091797,206064,"羽床上"],
[34.225528717041016,133.92906188964844,206065,"柳屋"],
[34.215152740478516,133.9176483154297,206066,"西蓮"],
[34.22963333129883,133.92196655273438,206067,"川田"],
[34.23480224609375,133.9063262939453,206068,"羽床公民館"],
[34.23794937133789,133.90179443359375,206069,"堤"],
[34.24167251586914,133.90159606933594,206070,"羽床駅前（コトデン羽床駅）"],
[34.243614196777344,133.9044189453125,206071,"一里山"],
[34.247711181640625,133.90403747558594,206072,"福向"],
[34.25132369995117,133.90341186523438,206073,"内間"],
[34.25128173828125,133.91632080078125,206074,"道の駅滝宮"],
[34.2545051574707,133.91415405273438,206075,"喜来"],
[34.25937271118164,133.9140625,206076,"藤尾"],
[34.25730514526367,133.91787719726562,206077,"権現"],
[34.259605407714844,133.9210968017578,206078,"松崎"],
[34.25336837768555,133.92312622070312,206079,"北小路"],
[34.25084686279297,133.92311096191406,206080,"町役場"],
[34.24951171875,133.92222595214844,206081,"福祉センター"],
[34.248409271240234,133.92153930664062,206082,"端（コトデン滝宮駅）"],
[34.24745178222656,133.9231719970703,206083,"新町"],
[34.24211502075195,133.92938232421875,206084,"南原"],
[34.23811340332031,133.93142700195312,206085,"上ノ原"],
[34.23442840576172,133.93089294433594,206086,"上ノ原南"],
[34.230472564697266,133.9313201904297,206087,"上川原"],
[34.23400115966797,133.92453002929688,206088,"前川原"],
[34.22970199584961,133.91757202148438,206089,"井手下"],
[34.23177719116211,133.91197204589844,206090,"場所"],
[34.22904968261719,133.9071044921875,206091,"大林"],
[34.2320671081543,133.90504455566406,206092,"長利"],
[34.23611831665039,133.90838623046875,206093,"大坪"],
[34.23967742919922,133.91404724121094,206094,"白石"],
[34.24216842651367,133.9167022705078,206095,"有岡"],
[34.246089935302734,133.9182891845703,206096,"本町"],
[34.2479248046875,133.91976928710938,206097,"横町"],
[34.24744415283203,133.9302978515625,206098,"上西"],
[34.24753952026367,133.93519592285156,206099,"上東"],
[34.241973876953125,133.9375,206100,"グリーンハイツ"],
[34.24433135986328,133.93978881835938,206101,"上東東"],
[34.24562072753906,133.94515991210938,206102,"向原"],
[34.24460220336914,133.98126220703125,206103,"生子"],
[34.241790771484375,133.98410034179688,206104,"矢坪"],
[34.23602294921875,133.98228454589844,206105,"下本谷"],
[34.22676467895508,133.9877471923828,206106,"上本谷"],
[34.22254180908203,133.99024963378906,206107,"上千疋"],
[34.22909927368164,133.99169921875,206108,"大谷上"],
[34.23468780517578,133.9875946044922,206109,"下大谷"],
[34.250335693359375,133.9863739013672,206110,"後久"],
[34.256038665771484,133.98707580566406,206111,"向山"],
[34.26118469238281,133.98753356933594,206112,"本村"],
[34.263309478759766,133.97940063476562,206113,"十三塚"],
[34.2624626159668,133.97970581054688,206114,"かざし丘駅前（コトデン挿頭丘駅）"],
[34.260162353515625,133.97695922851562,206115,"山の原"],
[34.25959396362305,133.98049926757812,206116,"南かざし団地"],
[34.25614929199219,133.97750854492188,206117,"中植"],
[34.25221252441406,133.9790802001953,206118,"万屋"],
[34.24751281738281,133.97862243652344,206119,"昭和公民館"],
[34.23752975463867,133.97947692871094,206120,"土橋"],
[34.234622955322266,133.97564697265625,206121,"新土仏"],
[34.23028564453125,133.97384643554688,206122,"鎌手"],
[34.22435760498047,133.97300720214844,206123,"休場"],
[34.24026107788086,133.97689819335938,206124,"富川"],
[34.24239730834961,133.9697723388672,206125,"北原"],
[34.24232482910156,133.96583557128906,206126,"森末"],
[34.244747161865234,133.95692443847656,206127,"田所"],
[34.244998931884766,133.9494171142578,206128,"大原"],
[34.253597259521484,133.94985961914062,206129,"陶公民館"],
[34.25544738769531,133.95770263671875,206130,"一本松"],
[34.25740432739258,133.96527099609375,206131,"道南"],
[34.259117126464844,133.96949768066406,206132,"田池"],
[34.26079559326172,133.97337341308594,206133,"畑田団地（コトデン畑田駅）"],
[34.248008728027344,133.97178649902344,206134,"下井"],
[34.25212478637695,133.96360778808594,206135,"馬酔木"],
[34.253780364990234,133.95384216308594,206136,"大宮"],
[34.25954055786133,133.9505615234375,206137,"川北"],
[34.26466369628906,133.9490203857422,206138,"運動公園"],
[34.267852783203125,133.94287109375,206139,"北山田"],
[34.265899658203125,133.93466186523438,206140,"丸山"],
[34.2617073059082,133.9292755126953,206141,"庄屋"],
[34.2624626159668,133.9423828125,206142,"十瓶団地"],
[34.26249694824219,133.9379119873047,206143,"猿王"],
[34.2618293762207,133.9353485107422,206144,"大成公民館"],
[34.25989532470703,133.92955017089844,206145,"讃留王西"],
[34.25532531738281,133.92823791503906,206146,"下北"],
[34.25180435180664,133.92547607421875,206147,"八坂団地"],
[34.372039794921875,133.9441375732422,206148,"弓弦羽"],
[34.3887825012207,133.92823791503906,206149,"大崎"],
[34.37348556518555,133.9255828857422,206150,"木沢"],
[34.36994171142578,133.92356872558594,206151,"王越"],
[34.36899948120117,133.9215850830078,206152,"番屋"],
[34.366756439208984,133.91531372070312,206153,"公民館前"],
[34.36613845825195,133.91200256347656,206154,"役場前"],
[34.36730194091797,133.908203125,206155,"大西"],
[34.36817169189453,133.90643310546875,206156,"南条"],
[34.37031936645508,133.9043731689453,206157,"池内"],
[34.37274169921875,133.9033966064453,206158,"御神灯"],
[34.377132415771484,133.8993377685547,206159,"西脇"],
[34.3752326965332,133.88853454589844,206160,"馬返"],
[34.36577606201172,133.89222717285156,206161,"相模坊"],
[34.36226272583008,133.893798828125,206162,"新地"],
[34.35279846191406,133.90122985839844,206163,"北須賀"],
[34.349613189697266,133.90184020996094,206164,"大屋冨"],
[34.356483459472656,133.89620971679688,206165,"大屋冨北"],
[34.34565353393555,133.90261840820312,206166,"須賀"],
[34.33864212036133,133.9060821533203,206167,"高屋局前"],
[34.334068298339844,133.906005859375,206168,"高屋"],
[34.33028793334961,133.8988037109375,206169,"下所"],
[34.330108642578125,133.8942413330078,206170,"林田農協前"],
[34.3347282409668,133.88905334472656,206171,"総社神社前"],
[34.33755111694336,133.88514709472656,206172,"米出"],
[34.33578109741211,133.88235473632812,206173,"浜中"],
[34.333595275878906,133.88040161132812,206174,"浜西"],
[34.330589294433594,133.87982177734375,206175,"新開"],
[34.328208923339844,133.87794494628906,206176,"川尻橋"],
[34.323795318603516,133.88006591796875,206177,"地蔵前"],
[34.32569885253906,133.88746643066406,206178,"雲井橋"],
[34.326866149902344,133.8912811279297,206179,"東梶"],
[34.327369689941406,133.8972625732422,206180,"香西歯科医院前"],
[34.32685470581055,133.89993286132812,206181,"白峰中学校前"],
[34.330467224121094,133.90823364257812,206182,"高屋南"],
[34.32164001464844,133.8745880126953,206183,"江尻"],
[34.318748474121094,133.8694610595703,206184,"坂江橋"],
[34.31864929199219,133.8626251220703,206185,"回生病院"],
[34.31512451171875,133.86041259765625,206186,"坂出市役所前"],
[34.10577392578125,134.025634765625,206187,"川奥"],
[34.101097106933594,134.02203369140625,206188,"檜ヶ丘"],
[34.099761962890625,134.0199737548828,206189,"川奥新道"],
[34.097782135009766,134.01840209960938,206190,"川奥中"],
[34.094417572021484,134.01292419433594,206191,"久保谷"],
[34.09567642211914,134.00762939453125,206192,"三角"],
[34.09733200073242,134.00302124023438,206193,"美霞洞温泉"],
[34.10276412963867,133.9976806640625,206194,"林奥"],
[34.10866165161133,133.99012756347656,206195,"大石橋"],
[34.1099739074707,133.98719787597656,206196,"長谷"],
[34.09279251098633,133.97288513183594,206197,"下福家"],
[34.095855712890625,133.97286987304688,206198,"塔尾"],
[34.096466064453125,133.9700469970703,206199,"長善寺口"],
[34.098358154296875,133.97500610351562,206200,"四足口"],
[34.10188293457031,133.9768524169922,206201,"勝浦口"],
[34.10270309448242,133.97555541992188,206202,"野田小屋口"],
[34.10398864746094,133.97836303710938,206203,"谷所"],
[34.10637283325195,133.97824096679688,206204,"川下"],
[34.10789489746094,133.97525024414062,206205,"勝川"],
[34.110897064208984,133.97702026367188,206206,"落合橋"],
[34.112918853759766,133.97491455078125,206207,"美合明神"],
[34.114341735839844,133.97279357910156,206208,"明神下"],
[34.115482330322266,133.97215270996094,206209,"ビレッジ美合前"],
[34.11686706542969,133.9724884033203,206210,"尾井出"],
[34.1197509765625,133.9732666015625,206211,"堀田"],
[34.12767028808594,133.9674835205078,206212,"淵野"],
[34.13130187988281,133.9666290283203,206213,"犬馬場"],
[34.132896423339844,133.96580505371094,206214,"皆野"],
[34.1362190246582,133.96463012695312,206215,"下皆野"],
[34.13901901245117,133.9617156982422,206216,"野口"],
[34.14158248901367,133.95892333984375,206217,"中通"],
[34.143882751464844,133.95399475097656,206218,"川東口"],
[34.144500732421875,133.9518280029297,206219,"平川橋"],
[34.15126037597656,133.9471893310547,206220,"木戸"],
[34.15477752685547,133.9446563720703,206221,"六地蔵"],
[34.15849685668945,133.9354248046875,206222,"天川"],
[34.160587310791016,133.92999267578125,206223,"上内田"],
[34.16465377807617,133.925048828125,206224,"琴南小学校前"],
[34.162940979003906,133.9231414794922,206225,"内田"],
[34.16602325439453,133.9182586669922,206226,"下内田"],
[34.167686462402344,133.91400146484375,206227,"不動橋"],
[34.16979217529297,133.90423583984375,206228,"成政口"],
[34.16892623901367,133.9004364013672,206229,"江畑口"],
[34.1694450378418,133.89813232421875,206230,"塩田"],
[34.17137145996094,133.89291381835938,206231,"茶試験場前"],
[34.1728630065918,133.88926696777344,206232,"常包橋"],
[34.17722702026367,133.8842315673828,206233,"大向"],
[34.178627014160156,133.8827362060547,206234,"まんのう公園口"],
[34.180992126464844,133.88031005859375,206235,"長炭橋"],
[34.182926177978516,133.8775177001953,206236,"木の崎"],
[34.18416976928711,133.87571716308594,206237,"母子センター"],
[34.18444061279297,133.87033081054688,206238,"木の崎下"],
[34.18486022949219,133.8642578125,206239,"吉野"],
[34.18582534790039,133.85670471191406,206240,"八幡"],
[34.1875,133.85093688964844,206241,"宮西"],
[34.18728256225586,133.84693908691406,206242,"満濃中学校前"],
[34.186981201171875,133.84498596191406,206243,"西田井"],
[34.18783950805664,133.84217834472656,206244,"福家東"],
[34.19220733642578,133.84005737304688,206245,"満濃町役場前"],
[34.194190979003906,133.83885192871094,206246,"四条小学校前"],
[34.191463470458984,133.83074951171875,206247,"榎井"],
[34.18977355957031,133.82620239257812,206248,"琴中前"],
[34.18853759765625,133.82305908203125,206249,"琴小前"],
[34.187320709228516,133.82086181640625,206250,"今橋"],
[34.1894416809082,133.82215881347656,206251,"岩崎病院前"],
[34.19163513183594,133.8212127685547,206252,"琴平駅前"],
[34.19069290161133,133.8191680908203,206253,"琴電前"],
[34.1927375793457,133.81539916992188,206254,"琴平観光センター前"],
[34.195587158203125,133.81356811523438,206255,"琴平案内所"],
[34.1966667175293,133.8397979736328,206256,"四条"],
[34.198726654052734,133.84205627441406,206257,"祓川"],
[34.196895599365234,133.85018920898438,206258,"岩薬師"],
[34.199180603027344,133.86007690429688,206259,"佐岡"],
[34.19629669189453,133.86441040039062,206260,"長尾"],
[34.19214630126953,133.86947631835938,206261,"町代"],
[34.18815994262695,133.8742218017578,206262,"札の辻"],
[34.18503189086914,133.87832641601562,206263,"林の下"],
[34.1823616027832,133.88113403320312,206264,"長炭橋"],
[34.183074951171875,133.8824462890625,206265,"長炭小学校前"],
[34.18502426147461,133.8870391845703,206266,"片岡東"],
[34.186126708984375,133.88885498046875,206267,"金剛院口"],
[34.18614959716797,133.8970947265625,206268,"末谷"],
[34.18512725830078,133.9019012451172,206269,"平山"],
[34.18636703491211,133.90325927734375,206270,"東平山"],
[34.19144821166992,133.91207885742188,206271,"種子"],
[34.1909294128418,133.91404724121094,206272,"下種子"],
[34.18918228149414,133.92051696777344,206273,"広袖"],
[34.25327682495117,133.8557891845703,206274,"吉馴病院前"],
[34.25339889526367,133.8689727783203,206275,"堂の元"],
[34.25478744506836,133.86151123046875,206276,"岡下所"],
[34.261558532714844,133.85533142089844,206277,"河原"],
[34.264713287353516,133.8553466796875,206278,"山の谷"],
[34.26993942260742,133.8550567626953,206279,"北岡"],
[34.273162841796875,133.8571014404297,206280,"三本松"],
[34.278419494628906,133.85690307617188,206281,"三の池"],
[34.28475570678711,133.85499572753906,206282,"川津"],
[34.28728103637695,133.85450744628906,206283,"永井整形外科前"],
[34.28987121582031,133.85365295410156,206284,"六反地"],
[34.2918815612793,133.8519744873047,206285,"丸亀被服前"],
[34.294795989990234,133.849853515625,206286,"堀口医院前"],
[34.29745101928711,133.84878540039062,206287,"連尺"],
[34.299842834472656,133.8483123779297,206288,"山正電化前"],
[34.30464172363281,133.8494873046875,206289,"西山"],
[34.30772399902344,133.8500213623047,206290,"福江"],
[34.30964660644531,133.8502960205078,206291,"新浜"],
[34.3118782043457,133.85064697265625,206292,"富士見町"],
[34.314815521240234,133.85621643066406,206293,"元町"],
[34.321407318115234,133.84640502929688,206294,"両景橋"],
[34.389102935791016,133.81861877441406,206295,"塩浜"],
[34.392486572265625,133.81765747070312,206296,"瀬戸大橋FW前"],
[34.38667297363281,133.8191375732422,206297,"穴部"],
[34.38528823852539,133.82101440429688,206298,"与島小学校前"],
[34.388427734375,133.8243408203125,206299,"大津"],
[34.38452911376953,133.8229217529297,206300,"浦城"],
[34.387088775634766,133.8166961669922,206301,"与島"],
[34.405269622802734,133.80836486816406,206302,"岩黒島"],
[34.31482696533203,133.85110473632812,206303,"中通町"],
[34.42053985595703,133.8071746826172,206304,"櫃石学校前"],
[34.29129409790039,133.79298400878906,206305,"丸亀駅前"],
[34.27345275878906,133.7941131591797,206306,"番神"],
[34.26982879638672,133.79273986816406,206307,"農協センター"],
[34.25045394897461,133.7779998779297,206308,"金蔵寺西口"],
[34.247982025146484,133.77980041503906,206309,"金蔵寺立場"],
[34.24444580078125,133.7821807861328,206310,"樫藪"],
[34.24032211303711,133.7847900390625,206311,"稲木"],
[34.236454010009766,133.78729248046875,206312,"四国工芸前"],
[34.232208251953125,133.7894287109375,206313,"善通寺東口"],
[34.23097229003906,133.7866668701172,206314,"善通寺駅前通り"],
[34.22775650024414,133.78005981445312,206315,"善通寺赤門前"],
[34.22451400756836,133.7822265625,206316,"讃岐宮"],
[34.2222900390625,133.78440856933594,206317,"善通寺南口"],
[34.22450637817383,133.78932189941406,206318,"本村"],
[34.22620391845703,133.79380798339844,206319,"尽誠学園前"],
[34.21902847290039,133.79852294921875,206320,"南生野"],
[34.21620178222656,133.80032348632812,206321,"大杉脳外科"],
[34.21452713012695,133.8014373779297,206322,"風折"],
[34.209190368652344,133.80490112304688,206323,"大麻"],
[34.2021369934082,133.8094482421875,206324,"岩崎"],
[34.19797897338867,133.8120574951172,206325,"大麻神社前"],
[34.326454162597656,133.86097717285156,206326,"坂出営業所"],
[34.325618743896484,133.85470581054688,206327,"児坂観光船のりば"],
[34.3239860534668,133.85443115234375,206328,"入船町"],
[34.320919036865234,133.85508728027344,206329,"久米町"],
[34.48529815673828,134.19056701660156,206330,"合同庁前"],
[34.48370361328125,134.1894989013672,206331,"王子前"],
[34.47968673706055,134.18701171875,206332,"国際ホテル"],
[34.47969436645508,134.1842803955078,206333,"銀波浦"],
[34.485252380371094,134.18667602539062,206334,"土庄本町"],
[34.47417068481445,134.1714324951172,206335,"鹿島"],
[34.46457290649414,134.15945434570312,206336,"柳"],
[34.46549987792969,134.15005493164062,206337,"千軒"],
[34.475379943847656,134.14402770996094,206338,"小瀬"],
[34.48923110961914,134.17385864257812,206339,"平和の群像前"],
[34.48866271972656,134.17173767089844,206340,"土庄港フェリーターミナル前"],
[34.4881591796875,134.1891632080078,206341,"富丘通"],
[34.48715591430664,134.1882781982422,206342,"中央病院"],
[34.488059997558594,134.1831512451172,206343,"渕崎"],
[34.49357604980469,134.1735382080078,206344,"大谷"],
[34.49974822998047,134.1681365966797,206345,"グリーンクラブ前"],
[34.506568908691406,134.1663360595703,206346,"馬場崎"],
[34.51165008544922,134.16641235351562,206347,"伊喜末"],
[34.51757049560547,134.1663818359375,206348,"小江"],
[34.516319274902344,134.18109130859375,206349,"長浜"],
[34.51626205444336,134.1881866455078,206350,"渦江"],
[34.518741607666016,134.19277954101562,206351,"目島"],
[34.528045654296875,134.22360229492188,206352,"屋形崎"],
[34.52672576904297,134.22857666015625,206353,"見目"],
[34.48866271972656,134.19406127929688,206354,"土庄中前"],
[34.49112319946289,134.19757080078125,206355,"北山"],
[34.49452590942383,134.2046356201172,206356,"上庄"],
[34.50193405151367,134.21836853027344,206357,"下黒岩"],
[34.50222396850586,134.21437072753906,206358,"黒岩"],
[34.50719451904297,134.2160186767578,206359,"小馬越"],
[34.506473541259766,134.22584533691406,206360,"肥土山"],
[34.51298904418945,134.217529296875,206361,"馬越"],
[34.531707763671875,134.2413330078125,206362,"小海"],
[34.545467376708984,134.2590789794922,206363,"琴塚"],
[34.546958923339844,134.26202392578125,206364,"タカラ前"],
[34.54718017578125,134.2713165283203,206365,"田井"],
[34.545928955078125,134.2787628173828,206366,"大部"],
[34.546810150146484,134.3050079345703,206367,"小部"],
[34.56093215942383,134.3233642578125,206368,"灘山"],
[34.557498931884766,134.3430633544922,206369,"吉田"],
[34.5427131652832,134.34385681152344,206370,"福田港"],
[34.52329635620117,134.35354614257812,206371,"当浜"],
[34.502742767333984,134.3474578857422,206372,"岩ヶ谷"],
[34.4910774230957,134.34283447265625,206373,"橘"],
[34.47037887573242,134.32044982910156,206374,"苗羽"],
[34.466983795166016,134.31954956054688,206375,"丸金前"],
[34.455570220947266,134.32322692871094,206376,"坂手東"],
[34.45777130126953,134.3209228515625,206377,"坂手港"],
[34.45903015136719,134.30262756347656,206378,"堀越"],
[34.451515197753906,134.2863006591797,206379,"田ノ浦"],
[34.44588851928711,134.28521728515625,206380,"映画村"],
[34.478309631347656,134.31399536132812,206381,"安田"],
[34.47884750366211,134.3084259033203,206382,"内海病院"],
[34.47930908203125,134.29922485351562,206383,"草壁港"],
[34.46995544433594,134.27532958984375,206384,"オリーブ公園口"],
[34.472904205322266,134.2742919921875,206385,"サン・オリーブ"],
[34.47019958496094,134.2707977294922,206386,"オリーブヶ丘"],
[34.43000793457031,134.24661254882812,206387,"吉ヶ浦"],
[34.4282341003418,134.24610900878906,206388,"市神子"],
[34.429264068603516,134.23480224609375,206389,"神ノ浦西"],
[34.45161056518555,134.24530029296875,206390,"吉野"],
[34.46049118041992,134.24295043945312,206391,"二面"],
[34.46867370605469,134.2386474609375,206392,"室生"],
[34.47126770019531,134.23643493652344,206393,"ふるさと村"],
[34.501800537109375,134.2444610595703,206394,"中山"],
[34.50332260131836,134.23960876464844,206395,"春日神社"],
[34.502689361572266,134.23660278320312,206396,"西中山"],
[34.482627868652344,134.2322998046875,206397,"池中前"],
[34.48097610473633,134.2286834716797,206398,"池田平木"],
[34.48073196411133,134.22535705566406,206399,"池田港"],
[34.479530334472656,134.2256317138672,206400,"新池田港"],
[34.48182678222656,134.2155303955078,206401,"東蒲生"],
[34.483985900878906,134.20509338378906,206402,"入部"],
[34.35023880004883,134.04896545410156,206403,"高松築港"],
[34.34812927246094,134.04873657226562,206404,"寿町"],
[34.345787048339844,134.0483856201172,206405,"兵庫町"],
[34.34421920776367,134.04820251464844,206406,"紺屋町"],
[34.343299865722656,134.04808044433594,206407,"五番町"],
[34.34111785888672,134.04774475097656,206408,"県庁通り"],
[34.33995056152344,134.0486602783203,206409,"南新町"],
[34.3390007019043,134.05203247070312,206410,"瓦町"],
[34.3359489440918,134.05514526367188,206411,"香川日産前"],
[34.33563995361328,134.05673217773438,206412,"市総合福祉会館前"],
[34.33522415161133,134.06007385253906,206413,"花園町"],
[34.3348388671875,134.06365966796875,206414,"セシール前"],
[34.333824157714844,134.06536865234375,206415,"玉藻中学前"],
[34.328006744384766,134.0659637451172,206416,"松縄道"],
[34.326229095458984,134.06947326660156,206417,"仮屋"],
[34.32452392578125,134.07339477539062,206418,"札場"],
[34.32057571411133,134.07974243164062,206419,"木太東口"],
[34.316734313964844,134.08163452148438,206420,"元山下"],
[34.31167221069336,134.08364868164062,206421,"元山"],
[34.307884216308594,134.08660888671875,206422,"川添橋"],
[34.30433654785156,134.09385681152344,206423,"水田"],
[34.297271728515625,134.10162353515625,206424,"前田橋"],
[34.28717041015625,134.1125030517578,206425,"高田"],
[34.284217834472656,134.1143798828125,206426,"亀田"],
[34.27900314331055,134.11778259277344,206427,"池戸"],
[34.27531051635742,134.12124633789062,206428,"松原病院前"],
[34.2723388671875,134.12522888183594,206429,"農学部前"],
[34.26921463012695,134.13381958007812,206430,"三木町役場前"],
[34.26814651489258,134.1395263671875,206431,"鹿伏"],
[34.267513275146484,134.14419555664062,206432,"県畜産試験場前"],
[34.26644515991211,134.1497039794922,206433,"白山"],
[34.266143798828125,134.15640258789062,206434,"真行寺"],
[34.26615524291992,134.16287231445312,206435,"井戸"],
[34.264835357666016,134.176513671875,206436,"長尾学校前"],
[34.26486587524414,134.181396484375,206437,"清水"],
[34.2658805847168,134.19140625,206438,"上内"],
[34.26606750488281,134.20150756835938,206439,"さぬき市民病院前"],
[34.26583480834961,134.21006774902344,206440,"石田高校前"],
[34.26580047607422,134.21258544921875,206441,"大角"],
[34.2646369934082,134.2282257080078,206442,"陶山養鶏場前"],
[34.26229476928711,134.23556518554688,206443,"富田中"],
[34.26117706298828,134.24212646484375,206444,"天神団地前"],
[34.2600212097168,134.24502563476562,206445,"みろく公園前"],
[34.25249099731445,134.25860595703125,206446,"国木"],
[34.24648666381836,134.27049255371094,206447,"新池"],
[34.251747131347656,134.28245544433594,206448,"久保田"],
[34.251739501953125,134.2863006591797,206449,"南台口"],
[34.252681732177734,134.29029846191406,206450,"大道橋"],
[34.252525329589844,134.2955322265625,206451,"三殿口"],
[34.252925872802734,134.2999267578125,206452,"丹生"],
[34.25255584716797,134.3062286376953,206453,"三好医院口"],
[34.2512092590332,134.316162109375,206454,"一本松"],
[34.250606536865234,134.3199462890625,206455,"西村"],
[34.25017547607422,134.32252502441406,206456,"大川中学校前"],
[34.24964904785156,134.32611083984375,206457,"大内農協前"],
[34.24959945678711,134.33140563964844,206458,"当雀"],
[34.251129150390625,134.3343505859375,206459,"三本松"],
[34.24909591674805,134.33921813964844,206460,"前山公園口"],
[34.24836730957031,134.3418731689453,206461,"出晴"],
[34.246421813964844,134.34701538085938,206462,"湊"],
[34.24414825439453,134.35140991210938,206463,"湊橋"],
[34.243465423583984,134.35794067382812,206464,"白鳥百十四銀行前"],
[34.243412017822266,134.3642578125,206465,"白鳥神社前"],
[34.241947174072266,134.37008666992188,206466,"白鳥病院前"],
[34.237430572509766,134.37648010253906,206467,"伊座"],
[34.2349853515625,134.38192749023438,206468,"権平前"],
[34.22325897216797,134.39068603515625,206469,"塩屋橋"],
[34.22492599487305,134.40133666992188,206470,"引田"],
[34.242374420166016,134.35545349121094,206471,"田高田"],
[34.24078369140625,134.35409545898438,206472,"白鳥マルナカ前"],
[34.23792266845703,134.3514862060547,206473,"中学校前"],
[34.236236572265625,134.3485107421875,206474,"寺元"],
[34.23354721069336,134.34628295898438,206475,"中戸"],
[34.23061752319336,134.34458923339844,206476,"成重"],
[34.22990798950195,134.3441619873047,206477,"成重上"],
[34.22531509399414,134.33935546875,206478,"東中村"],
[34.219482421875,134.33851623535156,206479,"堀切"],
[34.213356018066406,134.33157348632812,206480,"西山橋"],
[34.20989227294922,134.3311309814453,206481,"西山"],
[34.20890808105469,134.34217834472656,206482,"東山"],
[34.2413215637207,134.37002563476562,206483,"白鳥病院"],
[34.20563507080078,134.32614135742188,206484,"近森"],
[34.20478057861328,134.32162475585938,206485,"局前"],
[34.2052116394043,134.31991577148438,206486,"学校前"],
[34.205318450927734,134.31658935546875,206487,"住宅前"],
[34.2044563293457,134.31439208984375,206488,"与田山"],
[34.202945709228516,134.31202697753906,206489,"あやめ橋"],
[34.202232360839844,134.30999755859375,206490,"堀家口"],
[34.20271682739258,134.3043670654297,206491,"下山"],
[34.200042724609375,134.29873657226562,206492,"馬越"],
[34.19647979736328,134.29139709472656,206493,"黒川口"],
[34.19172286987305,134.2835235595703,206494,"福祉センター前"],
[34.20249557495117,134.29632568359375,206495,"三宝寺"],
[34.19932174682617,134.2886962890625,206496,"森光"],
[34.19818115234375,134.28057861328125,206497,"上山"],
[34.198143005371094,134.26968383789062,206498,"五名橋"],
[34.205421447753906,134.26295471191406,206499,"開世橋口"],
[34.20895004272461,134.25631713867188,206500,"分校前"],
[34.20576858520508,134.25155639648438,206501,"鈴竹"],
[34.194801330566406,134.25048828125,206502,"池尻"],
[34.19287872314453,134.24859619140625,206503,"五名コミュニティセンター"],
[34.192264556884766,134.2493133544922,206504,"五名支所前"],
[34.187225341796875,134.2513427734375,206505,"住宅前"],
[34.18107223510742,134.24310302734375,206506,"長野いこいの家"],
[34.182518005371094,134.25241088867188,206507,"大下"],
[34.32967758178711,134.04608154296875,206508,"栗林公園前"],
[34.31592559814453,134.0386199951172,206509,"ゆめタウン高松"],
[34.30653381347656,134.07334899902344,206510,"高松中央インター"],
[34.298213958740234,134.1302032470703,206511,"高速三木"],
[34.31045150756836,134.17750549316406,206512,"高速志度"],
[34.27615737915039,134.26531982421875,206513,"高速津田"],
[34.227783203125,134.3844757080078,206514,"高速引田"],
[34.35169219970703,134.0472412109375,206515,"全日空ホテルクレメント高松"],
[34.34696578979492,134.0504608154297,206516,"三越前"],
[34.34425354003906,134.05059814453125,206517,"丸亀町"],
[34.34149932861328,134.0515594482422,206518,"商工中金前"],
[34.34010314941406,134.047607421875,206519,"県庁通り中央公園"],
[34.337955474853516,134.0438995361328,206520,"八本松"],
[34.34226608276367,134.038330078125,206521,"香川大学教育学部前"],
[34.33993911743164,134.04446411132812,206522,"県庁前"],
[34.33994674682617,134.0377655029297,206523,"香川大学法学部・経済学部前"],
[34.34477233886719,134.03042602539062,206524,"水道橋"],
[34.344810485839844,134.02647399902344,206525,"西宝町一丁目"],
[34.34458541870117,134.01983642578125,206526,"郷東橋"],
[34.344566345214844,134.01747131347656,206527,"郷東橋西"],
[34.34453201293945,134.01365661621094,206528,"香東交番前"],
[34.34398651123047,134.0092315673828,206529,"香西東町"],
[34.34386444091797,134.00413513183594,206530,"本津"],
[34.345218658447266,134.00164794921875,206531,"香西中央通り"],
[34.34629821777344,133.9995880126953,206532,"香西"],
[34.34794235229492,133.9972686767578,206533,"中塚"],
[34.35062026977539,133.99745178222656,206534,"香西車庫前"],
[34.350616455078125,134.00436401367188,206535,"イオン高松"],
[34.34843444824219,134.01553344726562,206536,"馬場病院前"],
[34.3480339050293,134.0179443359375,206537,"警察学校前"],
[34.35113525390625,134.0191650390625,206538,"運転免許センター前"],
[34.35162353515625,134.02633666992188,206539,"新北町"],
[34.34774398803711,134.0301055908203,206540,"中央卸売市場前"],
[34.347900390625,134.03343200683594,206541,"瀬戸内町"],
[34.34783172607422,134.02584838867188,206542,"新北町口"],
[34.35155487060547,134.03977966308594,206543,"大的場"],
[34.35224533081055,134.0438232421875,206544,"浜ノ町"],
[34.349998474121094,134.0382843017578,206545,"大的場口"],
[34.345252990722656,134.0312957763672,206546,"扇町"],
[34.34345626831055,134.03366088867188,206547,"昭和町・市図書館前"],
[34.34348678588867,134.03977966308594,206548,"幸町"],
[34.34256362915039,134.04525756835938,206549,"市役所前"],
[34.35134506225586,134.05319213867188,206550,"県民ホール前"],
[34.3512077331543,134.05677795410156,206551,"北浜アリー"],
[34.34952163696289,134.05374145507812,206552,"県立ミュージアム"],
[34.347267150878906,134.0646209716797,206553,"ホテルパールガーデン前"],
[34.34675598144531,134.05331420898438,206554,"片原町駅前"],
[34.34511947631836,134.05686950683594,206555,"井口町"],
[34.344276428222656,134.06234741210938,206556,"県立体育館前"],
[34.35670471191406,134.0658416748047,206557,"卸センター"],
[34.35857009887695,134.06666564941406,206558,"卸センター中通リ"],
[34.35445785522461,134.06790161132812,206559,"朝日町"],
[34.350711822509766,134.06619262695312,206560,"朝日町二丁目"],
[34.3488883972168,134.06597900390625,206561,"平家物語歴史館前"],
[34.3404426574707,134.0588836669922,206562,"市民文化センター前"],
[34.3406982421875,134.0569305419922,206563,"築地町"],
[34.34522247314453,134.05311584472656,206564,"片原町"],
[34.34282302856445,134.05262756347656,206565,"今新町"],
[34.341854095458984,134.0524139404297,206566,"古馬場町"],
[34.340972900390625,134.05459594726562,206567,"塩屋町"],
[34.340213775634766,134.06105041503906,206568,"高松中央高校前"],
[34.34172821044922,134.06231689453125,206569,"松福町"],
[34.34329605102539,134.06838989257812,206570,"沖松島"],
[34.3428955078125,134.0734405517578,206571,"市立体育館前"],
[34.34485626220703,134.0740966796875,206572,"歯科医療センター・高松サティ"],
[34.34725570678711,134.086181640625,206573,"高松テルサ"],
[34.3481330871582,134.0888671875,206574,"シーサイドテニスクラブ前"],
[34.349609375,134.08895874023438,206575,"屋島西団地前"],
[34.35287857055664,134.08973693847656,206576,"屋島西小学校前"],
[34.35396957397461,134.09002685546875,206577,"亥の浜公園"],
[34.33436965942383,134.0687255859375,206578,"上福岡"],
[34.33406066894531,134.07164001464844,206579,"国際ホテル前"],
[34.333736419677734,134.0758819580078,206580,"詰田川"],
[34.33342742919922,134.0810089111328,206581,"木太町"],
[34.33418273925781,134.08682250976562,206582,"春日川"],
[34.335105895996094,134.09254455566406,206583,"コカ・コーラ前"],
[34.36538314819336,134.09193420410156,206584,"浦生"],
[34.3607177734375,134.09176635742188,206585,"健康ランド前"],
[34.35792541503906,134.09107971191406,206586,"浜北"],
[34.35247802734375,134.09205627441406,206587,"明神前"],
[34.34742736816406,134.0934295654297,206588,"屋島御殿"],
[34.34458541870117,134.09515380859375,206589,"屋島南御殿"],
[34.34135055541992,134.09716796875,206590,"潟元"],
[34.336517333984375,134.10107421875,206591,"百石"],
[34.33751678466797,134.10565185546875,206592,"馬場先"],
[34.34186935424805,134.10594177246094,206593,"ことでん屋島駅"],
[34.33940505981445,134.11195373535156,206594,"古高松"],
[34.341739654541016,134.11672973632812,206595,"角屋前"],
[34.33700180053711,134.1090850830078,206596,"JR屋島駅"],
[34.343910217285156,134.12127685546875,206597,"八栗"],
[34.34576416015625,134.12136840820312,206598,"ことでん八栗駅前"],
[34.35014343261719,134.12158203125,206599,"洲崎寺西"],
[34.352500915527344,134.1221160888672,206600,"祈り岩・与一公園前"],
[34.355804443359375,134.12240600585938,206601,"屋島テニスクラブ前"],
[34.3608283996582,134.1224822998047,206602,"ストーンミュージアム前"],
[34.368797302246094,134.12049865722656,206603,"丸山西"],
[34.37366485595703,134.12098693847656,206604,"丸山峠"],
[34.37677764892578,134.1224822998047,206605,"舟かくし"],
[34.380760192871094,134.12681579589844,206606,"新開"],
[34.38414764404297,134.12718200683594,206607,"庵治支所"],
[34.38579559326172,134.1289520263672,206608,"庵治学校前"],
[34.388450622558594,134.12908935546875,206609,"庵治保健センター前"],
[34.38954162597656,134.12855529785156,206610,"庵治農協前"],
[34.39101791381836,134.1278076171875,206611,"庵治漁協前"],
[34.392520904541016,134.12704467773438,206612,"庵治温泉口"],
[34.39487838745117,134.12725830078125,206613,"庵治温泉"],
[34.35803985595703,134.10182189941406,206614,"屋島山上"],
[34.335838317871094,134.10719299316406,206615,"JA古高松支店前"],
[34.33242416381836,134.1062469482422,206616,"古高松小学校前"],
[34.329742431640625,134.10556030273438,206617,"堀江"],
[34.32476043701172,134.10487365722656,206618,"新田"],
[34.32146453857422,134.10467529296875,206619,"公文"],
[34.31885528564453,134.11056518554688,206620,"高松医療センター"],
[34.316795349121094,134.10418701171875,206621,"南公文"],
[34.31153106689453,134.10450744628906,206622,"久本"],
[34.302528381347656,134.10975646972656,206623,"谷川"],
[34.299903869628906,134.1112823486328,206624,"東前田"],
[34.2950325012207,134.11241149902344,206625,"学校前"],
[34.29218292236328,134.12278747558594,206626,"大学病院"],
[34.28851318359375,134.11248779296875,206627,"ことでん高田駅"],
[34.3390007019043,134.05203247070312,206628,"瓦町天満屋"],
[34.336631774902344,134.05081176757812,206629,"南瓦町"],
[34.33686065673828,134.04933166503906,206630,"田町"],
[34.32552719116211,134.04685974121094,206631,"花ノ宮町"],
[34.320091247558594,134.04641723632812,206632,"上之町"],
[34.317203521728516,134.04617309570312,206633,"三条"],
[34.323219299316406,134.04269409179688,206634,"東室新町"],
[34.31540298461914,134.03839111328125,206635,"ゆめタウン高松前"],
[34.33732986450195,134.0470733642578,206636,"中新町"],
[34.33363723754883,134.04647827148438,206637,"中野町"],
[34.33106994628906,134.0463409423828,206638,"栗林公園前"],
[34.32541275024414,134.04379272460938,206639,"室北口"],
[34.319923400878906,134.0384979248047,206640,"はぜ"],
[34.33856201171875,134.04092407226562,206641,"中央病院前"],
[34.311622619628906,134.04481506347656,206642,"南三条"],
[34.33442687988281,134.05360412597656,206643,"藤塚町"],
[34.33247756958008,134.05313110351562,206644,"JR栗林駅"],
[34.330223083496094,134.0522003173828,206645,"高松市保健センター"],
[34.327762603759766,134.0516815185547,206646,"高松一高前"],
[34.32615661621094,134.05136108398438,206647,"桜町中学前"],
[34.321773529052734,134.05581665039062,206648,"今里交番前"],
[34.318328857421875,134.0550537109375,206649,"気象台前"],
[34.31703186035156,134.06007385253906,206650,"松縄下所公園前"],
[34.32416915893555,134.0549774169922,206651,"トキワテニス前"],
[34.31751251220703,134.05662536621094,206652,"野田池"],
[34.326385498046875,134.06417846679688,206653,"レインボーロード入口ジャンプ前"],
[34.324214935302734,134.06369018554688,206654,"今里町"],
[34.3213005065918,134.06304931640625,206655,"アキ歯科医院前"],
[34.31894302368164,134.06239318847656,206656,"労住協不動産センタービル"],
[34.31745529174805,134.06198120117188,206657,"JAF香川支部前"],
[34.314579010009766,134.06130981445312,206658,"西松屋前"],
[34.310909271240234,134.06048583984375,206659,"レインボーロード天満屋・DEPO前"],
[34.30552291870117,134.05931091308594,206660,"アイアイイスズ・ドリーム前"],
[34.30216979980469,134.05870056152344,206661,"ふーずらんど前"],
[34.30000686645508,134.05828857421875,206662,"パワーシティ・レインボー店"],
[34.295249938964844,134.05734252929688,206663,"香川県済生会病院・高松桜井高校前"],
[34.29299545288086,134.058349609375,206664,"桜木神社前"],
[34.293277740478516,134.06336975097656,206665,"香川大学工学部前"],
[34.293827056884766,134.0670166015625,206666,"県立図書館文書館前"],
[34.29468536376953,134.0726776123047,206667,"サンメッセ香川"],
[34.29365539550781,134.08270263671875,206668,"古川橋"],
[34.29521942138672,134.07644653320312,206669,"日本IBM・穴吹住環境研究所前"],
[34.33576965332031,134.09646606445312,206670,"新川"],
[34.323577880859375,134.07240295410156,206671,"札場"],
[34.319400787353516,134.0721435546875,206672,"八坂前"],
[34.314762115478516,134.0708465576172,206673,"宮前公民館前"],
[34.31035232543945,134.07069396972656,206674,"大池"],
[34.305816650390625,134.0706024169922,206675,"さこ"],
[34.30215072631836,134.07188415527344,206676,"林支所"],
[34.29970169067383,134.08155822753906,206677,"下り原"],
[34.29841232299805,134.08619689941406,206678,"林新道"],
[34.298606872558594,134.0732879638672,206679,"亀の町"],
[34.29194259643555,134.0854034423828,206680,"六条橋"],
[34.28767395019531,134.08631896972656,206681,"川久保"],
[34.284427642822266,134.08607482910156,206682,"由良"],
[34.28129959106445,134.08580017089844,206683,"切戸"],
[34.27650451660156,134.0866241455078,206684,"川島"],
[34.270687103271484,134.0851593017578,206685,"川西"],
[34.26472854614258,134.08489990234375,206686,"市場"],
[34.27693557739258,134.09010314941406,206687,"川島小学校前"],
[34.276527404785156,134.0965118408203,206688,"川島東町"],
[34.275794982910156,134.101806640625,206689,"十河小学校前"],
[34.27041244506836,134.10894775390625,206690,"フジグラン十川"],
[34.25825500488281,134.08595275878906,206691,"池田"],
[34.250213623046875,134.08480834960938,206692,"稗田"],
[34.246978759765625,134.0839080810547,206693,"大亀"],
[34.2415771484375,134.07861328125,206694,"本村下"],
[34.23979568481445,134.0769805908203,206695,"西植田"],
[34.17394256591797,134.08290100097656,206696,"不動の滝口"],
[34.1781005859375,134.0736083984375,206697,"岩部"],
[34.18211364746094,134.0731658935547,206698,"中学校前"],
[34.187538146972656,134.0675506591797,206699,"御殿場"],
[34.187225341796875,134.0586700439453,206700,"中村"],
[34.18750762939453,134.05235290527344,206701,"西桶"],
[34.191837310791016,134.0491943359375,206702,"高畑"],
[34.19491958618164,134.04258728027344,206703,"西谷口"],
[34.19669723510742,134.04165649414062,206704,"中徳"],
[34.19951629638672,134.03953552246094,206705,"安原農協"],
[34.20341873168945,134.03668212890625,206706,"関"],
[34.208187103271484,134.03341674804688,206707,"鮎滝上"],
[34.22446060180664,134.03541564941406,206708,"岩崎"],
[34.23025131225586,134.03445434570312,206709,"東谷口"],
[34.23246765136719,134.03439331054688,206710,"香川農協前"],
[34.27865219116211,134.04061889648438,206711,"百相ヶ丘団地"],
[34.30846405029297,134.0550079345703,206712,"サンフラワー東ぽかぽか温泉前"],
[34.30854415893555,134.0546417236328,206713,"サンフラワー東アウディ高松前"],
[34.30944061279297,134.04974365234375,206714,"ホンダカーズ香川太田店前"],
[34.310035705566406,134.0462646484375,206715,"太田下町"],
[34.307613372802734,134.04344177246094,206716,"太田下"],
[34.301963806152344,134.04193115234375,206717,"太田"],
[34.29484939575195,134.0402069091797,206718,"三名"],
[34.28965377807617,134.03941345214844,206719,"中三名"],
[34.28358459472656,134.0382537841797,206720,"仏生山"],
[34.28354263305664,134.04287719726562,206721,"仏生山駅"],
[34.27643966674805,134.03529357910156,206722,"神宮寺"],
[34.270503997802734,134.03504943847656,206723,"舟岡"],
[34.266361236572266,134.03460693359375,206724,"大野口"],
[34.259037017822266,134.0341796875,206725,"浅野"],
[34.31060028076172,134.0428924560547,206726,"三条池高松吉塚仏壇店前"],
[34.29903793334961,134.03489685058594,206727,"香川大学付属中学校前"],
[34.284950256347656,134.0328369140625,206728,"空港通り一宮"],
[34.24907684326172,134.0270538330078,206729,"ホームセンターナカイ前"],
[34.23982620239258,134.0289764404297,206730,"長神キョーエイ空港店"],
[34.218910217285156,134.01792907714844,206731,"高松空港"],
[34.211524963378906,134.01693725585938,206732,"こどもの国"],
[34.233680725097656,134.01223754882812,206733,"鋳物師池"],
[34.23683166503906,134.0102081298828,206734,"音谷東"],
[34.22966384887695,134.02659606933594,206735,"綾田前"],
[34.231910705566406,134.02210998535156,206736,"岡"],
[34.22692108154297,134.01356506347656,206737,"アパホテル高松空港前"],
[34.23499298095703,134.0205535888672,206738,"原口"],
[34.2502555847168,134.00128173828125,206739,"古田"],
[34.25313949584961,134.0009307861328,206740,"北原"],
[34.25970458984375,134.00674438476562,206741,"諏訪"],
[34.262691497802734,134.00875854492188,206742,"上川部"],
[34.268062591552734,134.00946044921875,206743,"川部"],
[34.272918701171875,134.0107421875,206744,"みどり園前"],
[34.27534103393555,134.01133728027344,206745,"下川部"],
[34.2843132019043,134.01133728027344,206746,"ことでん円座駅前"],
[34.288414001464844,134.01156616210938,206747,"三ツ辻"],
[34.242183685302734,134.02752685546875,206748,"勝光寺前"],
[34.24589538574219,134.0272674560547,206749,"竜満西団地"],
[34.25714874267578,134.02395629882812,206750,"臼井"],
[34.23952102661133,134.0195770263672,206751,"由佐"],
[34.2424201965332,134.02008056640625,206752,"由佐天神"],
[34.24419021606445,134.0194549560547,206753,"西光寺前"],
[34.24912643432617,134.01589965820312,206754,"公会堂前"],
[34.252323150634766,134.0131072998047,206755,"吉光"],
[34.25712585449219,134.01104736328125,206756,"吉光下"],
[34.261260986328125,134.0243682861328,206757,"宮前"],
[34.26662063598633,134.0250701904297,206758,"大野"],
[34.26631546020508,134.0172119140625,206759,"香川中央高校"],
[34.271297454833984,134.02584838867188,206760,"香川団地前"],
[34.255977630615234,134.02696228027344,206761,"香川総合体育館前"],
[34.276573181152344,134.0269012451172,206762,"二本坊"],
[34.282310485839844,134.02767944335938,206763,"寺井団地前"],
[34.285892486572266,134.02853393554688,206764,"一宮"],
[34.291847229003906,134.02871704101562,206765,"大内"],
[34.293861389160156,134.02923583984375,206766,"下大内"],
[34.297515869140625,134.030517578125,206767,"上鹿角"],
[34.2999267578125,134.03302001953125,206768,"付属中学"],
[34.30220031738281,134.03250122070312,206769,"鹿角"],
[34.30375671386719,134.0329132080078,206770,"三角"],
[34.305782318115234,134.03326416015625,206771,"養護学校前"],
[34.30842590332031,134.03378295898438,206772,"横田"],
[34.3133544921875,134.03541564941406,206773,"みどろ"],
[34.3175048828125,134.03640747070312,206774,"紙町"],
[34.320316314697266,134.0359344482422,206775,"土居宮"],
[34.31850814819336,134.0326690673828,206776,"西はぜ"],
[34.3164176940918,134.0282745361328,206777,"鶴尾"],
[34.31291198730469,134.0256805419922,206778,"橋詰"],
[34.310340881347656,134.0191192626953,206779,"小山"],
[34.30470657348633,134.01602172851562,206780,"田中"],
[34.30031967163086,134.01368713378906,206781,"成合"],
[34.29635238647461,134.01052856445312,206782,"香東中学前"],
[34.293296813964844,134.0109100341797,206783,"下円座"],
[34.306758880615234,134.00936889648438,206784,"西田中"],
[34.30575180053711,134.00384521484375,206785,"中森"],
[34.30552291870117,133.9982147216797,206786,"八幡"],
[34.3060417175293,133.9916229248047,206787,"御厩"],
[34.30647659301758,133.9868621826172,206788,"正勝"],
[34.30862045288086,133.98162841796875,206789,"県立総合プール"],
[34.32333755493164,134.04217529296875,206790,"室新町"],
[34.33718490600586,134.03269958496094,206791,"市民病院"],
[34.336517333984375,134.03651428222656,206792,"八幡前"],
[34.339508056640625,134.0368194580078,206793,"宮脇町"],
[34.34003829956055,134.03424072265625,206794,"紫雲中学前"],
[34.34175109863281,134.02978515625,206795,"瀬戸内海放送前"],
[34.34400939941406,134.02560424804688,206796,"西方寺下"],
[34.34184265136719,134.0027313232422,206797,"香西新橋"],
[34.33849334716797,133.99693298339844,206798,"是竹"],
[34.33544158935547,133.99627685546875,206799,"一本木"],
[34.33246612548828,133.99566650390625,206800,"佐料"],
[34.32960891723633,133.99501037597656,206801,"大林第二病院"],
[34.32616424560547,133.99398803710938,206802,"鬼無駅前"],
[34.32380676269531,133.99110412597656,206803,"西高入口"],
[34.32477569580078,133.9862060546875,206804,"公民館前"],
[34.325775146484375,133.98129272460938,206805,"高松西高"],
[34.348915100097656,133.9953155517578,206806,"香西北町"],
[34.35079574584961,133.99171447753906,206807,"香西西町"],
[34.35331726074219,133.9883270263672,206808,"神在口"],
[34.354652404785156,133.9796600341797,206809,"山下"],
[34.357261657714844,133.970947265625,206810,"根香口"],
[34.35868453979492,133.96852111816406,206811,"下笠居支所前"],
[34.360477447509766,133.9635009765625,206812,"生島"],
[34.36094284057617,133.96127319335938,206813,"生島富士カガク前"],
[34.36507797241211,133.95716857910156,206814,"小坂・総合運動公園前"],
[34.36957931518555,133.95391845703125,206815,"北坂"],
[34.372596740722656,133.94876098632812,206816,"塩屋"],
[34.3717041015625,133.9461669921875,206817,"亀水"],
[34.38967514038086,134.0518798828125,206818,"フェリーのりば"],
[34.396602630615234,134.0505828857422,206819,"鬼ヶ島大洞窟"],
[34.24628829956055,133.79006958007812,206820,"善通寺ICBT"],
[34.29579544067383,133.83786010742188,206821,"坂出ICBT"],
[34.30653381347656,134.07334899902344,206822,"高松中央ICBT"],
[34.30653381347656,134.07334899902344,206823,"高松中央インターBT"],
[34.24628829956055,133.79006958007812,206824,"善通寺インターBT"],
[34.29579544067383,133.83786010742188,206825,"坂出インターBT"],
[34.116363525390625,133.68777465820312,206826,"高速観音寺"],
[34.242225646972656,133.7853546142578,206827,"高速善通寺"],
[34.268394470214844,133.82301330566406,206828,"高速丸亀"],
[34.296539306640625,133.94447326660156,206829,"国分寺バスターミナル"],
[34.303096771240234,133.9712371826172,206830,"国分寺ダイアパレス前"],
[34.30504608154297,134.07240295410156,206831,"高松中央インター南"],
[34.298213958740234,134.1302032470703,206832,"三木"],
[34.31045150756836,134.17750549316406,206833,"志度"],
[34.27615737915039,134.26531982421875,206834,"津田"],
[34.23786544799805,134.3162078857422,206835,"大内"],
[34.227783203125,134.3844757080078,206836,"引田"],
[34.184288024902344,133.81399536132812,206837,"大門駅"],
[34.18776321411133,133.81936645507812,206838,"琴平うどん駅"],
[34.19007873535156,133.81777954101562,206839,"琴参閣"],
[34.190887451171875,133.81704711914062,206840,"紅梅亭"],
[34.19069290161133,133.8191680908203,206841,"コトデン琴平駅"],
[34.19163513183594,133.8212127685547,206842,"JR琴平駅"],
[34.187721252441406,133.8216552734375,206843,"観光バス乗降場"],
[34.17779541015625,133.81832885742188,206844,"大庄屋（琴平）"],
[34.186946868896484,133.8202362060547,206845,"琴平レストプラザ"],
[34.306331634521484,133.8142852783203,206846,"宇多津"],
[34.35169219970703,134.0472412109375,206847,"高松"],
[34.36021423339844,134.09165954589844,206848,"屋島"],
[34.31089782714844,134.07347106933594,206849,"ローソン高松中央インター"],
[34.316349029541016,134.03890991210938,206850,"ゆめタウン高松"],
[34.29175567626953,133.794189453125,206851,"丸亀駅"],
[34.30653381347656,134.07334899902344,206852,"高松中央インターバスターミナル"],
[34.313453674316406,133.8559112548828,206853,"坂出駅"],
[34.24570846557617,133.79039001464844,206854,"善通寺インターバスターミナル"],
[34.12456130981445,133.65528869628906,206855,"観音寺駅"],
[34.22583770751953,134.38568115234375,206856,"高速引田"],
[34.31045150756836,134.1778564453125,206857,"高速志度"],
[34.276145935058594,134.2656707763672,206858,"高速津田"],
[34.14449691772461,133.69833374023438,206859,"ゆめタウン三豊"],
[34.24628829956055,133.79006958007812,206860,"善通寺インターバスターミナル"],
[34.29568099975586,133.83816528320312,206861,"坂出インターバスターミナル"],
[34.23786544799805,134.3162078857422,206862,"高速大内"],
[34.313804626464844,133.85623168945312,206863,"坂出駅"],
[34.29863357543945,134.13035583496094,206864,"高速三木"],
[34.35169219970703,134.0472412109375,206865,"高松駅"],
[34.35169219970703,134.0472412109375,206866,"高松駅"],
[34.286376953125,133.79537963867188,206867,"城西小学校前"],
[34.27922439575195,133.79641723632812,206868,"中府町"],
[34.269874572753906,134.0305633544922,206869,"空港通り寺井"]];
